3996.00057,0.00477
3993.93972,0.00478
3991.87886,0.00479
3989.81801,0.00479
3987.75715,0.00475
3985.69629,0.00473
3983.63544,0.00468
3981.57458,0.00455
3979.51372,0.00456
3977.45287,0.00484
3975.39201,0.00519
3973.33115,0.00530
3971.27030,0.00525
3969.20944,0.00525
3967.14858,0.00515
3965.08773,0.00487
3963.02687,0.00465
3960.96602,0.00469
3958.90516,0.00481
3956.84430,0.00483
3954.78345,0.00476
3952.72259,0.00463
3950.66173,0.00464
3948.60088,0.00483
3946.54002,0.00485
3944.47916,0.00475
3942.41831,0.00482
3940.35745,0.00502
3938.29659,0.00511
3936.23574,0.00500
3934.17488,0.00488
3932.11403,0.00495
3930.05317,0.00497
3927.99231,0.00486
3925.93146,0.00472
3923.87060,0.00471
3921.80974,0.00487
3919.74889,0.00494
3917.68803,0.00483
3915.62717,0.00471
3913.56632,0.00458
3911.50546,0.00455
3909.44461,0.00470
3907.38375,0.00491
3905.32289,0.00500
3903.26204,0.00488
3901.20118,0.00481
3899.14032,0.00488
3897.07947,0.00484
3895.01861,0.00489
3892.95775,0.00510
3890.89690,0.00506
3888.83604,0.00463
3886.77518,0.00439
3884.71433,0.00465
3882.65347,0.00493
3880.59262,0.00485
3878.53176,0.00463
3876.47090,0.00459
3874.41005,0.00473
3872.34919,0.00478
3870.28833,0.00470
3868.22748,0.00467
3866.16662,0.00466
3864.10576,0.00462
3862.04491,0.00458
3859.98405,0.00462
3857.92320,0.00477
3855.86234,0.00494
3853.80148,0.00499
3851.74063,0.00478
3849.67977,0.00464
3847.61891,0.00463
3845.55806,0.00468
3843.49720,0.00487
3841.43634,0.00507
3839.37549,0.00515
3837.31463,0.00511
3835.25377,0.00489
3833.19292,0.00467
3831.13206,0.00463
3829.07121,0.00469
3827.01035,0.00478
3824.94949,0.00486
3822.88864,0.00492
3820.82778,0.00496
3818.76692,0.00482
3816.70607,0.00454
3814.64521,0.00442
3812.58435,0.00454
3810.52350,0.00476
3808.46264,0.00494
3806.40178,0.00500
3804.34093,0.00493
3802.28007,0.00476
3800.21922,0.00478
3798.15836,0.00500
3796.09750,0.00505
3794.03665,0.00484
3791.97579,0.00471
3789.91493,0.00479
3787.85408,0.00483
3785.79322,0.00477
3783.73236,0.00470
3781.67151,0.00456
3779.61065,0.00435
3777.54980,0.00436
3775.48894,0.00467
3773.42808,0.00488
3771.36723,0.00486
3769.30637,0.00480
3767.24551,0.00465
3765.18466,0.00447
3763.12380,0.00440
3761.06294,0.00442
3759.00209,0.00444
3756.94123,0.00445
3754.88037,0.00448
3752.81952,0.00451
3750.75866,0.00461
3748.69781,0.00475
3746.63695,0.00487
3744.57609,0.00497
3742.51524,0.00491
3740.45438,0.00484
3738.39352,0.00490
3736.33267,0.00491
3734.27181,0.00480
3732.21095,0.00496
3730.15010,0.00519
3728.08924,0.00510
3726.02839,0.00488
3723.96753,0.00475
3721.90667,0.00463
3719.84582,0.00458
3717.78496,0.00461
3715.72410,0.00470
3713.66325,0.00470
3711.60239,0.00451
3709.54153,0.00439
3707.48068,0.00444
3705.41982,0.00454
3703.35896,0.00464
3701.29811,0.00464
3699.23725,0.00475
3697.17640,0.00500
3695.11554,0.00508
3693.05468,0.00504
3690.99383,0.00499
3688.93297,0.00485
3686.87211,0.00481
3684.81126,0.00508
3682.75040,0.00547
3680.68954,0.00574
3678.62869,0.00579
3676.56783,0.00577
3674.50697,0.00604
3672.44612,0.00638
3670.38526,0.00637
3668.32441,0.00603
3666.26355,0.00578
3664.20269,0.00589
3662.14184,0.00617
3660.08098,0.00625
3658.02012,0.00602
3655.95927,0.00578
3653.89841,0.00583
3651.83755,0.00607
3649.77670,0.00629
3647.71584,0.00648
3645.65499,0.00670
3643.59413,0.00687
3641.53327,0.00692
3639.47242,0.00691
3637.41156,0.00699
3635.35070,0.00712
3633.28985,0.00707
3631.22899,0.00687
3629.16813,0.00677
3627.10728,0.00691
3625.04642,0.00705
3622.98556,0.00710
3620.92471,0.00719
3618.86385,0.00747
3616.80300,0.00773
3614.74214,0.00770
3612.68128,0.00750
3610.62043,0.00734
3608.55957,0.00725
3606.49871,0.00722
3604.43786,0.00717
3602.37700,0.00716
3600.31614,0.00718
3598.25529,0.00713
3596.19443,0.00714
3594.13357,0.00734
3592.07272,0.00766
3590.01186,0.00793
3587.95101,0.00796
3585.89015,0.00778
3583.82929,0.00767
3581.76844,0.00774
3579.70758,0.00783
3577.64672,0.00781
3575.58587,0.00783
3573.52501,0.00791
3571.46415,0.00792
3569.40330,0.00784
3567.34244,0.00784
3565.28159,0.00805
3563.22073,0.00816
3561.15987,0.00807
3559.09902,0.00806
3557.03816,0.00828
3554.97730,0.00855
3552.91645,0.00869
3550.85559,0.00870
3548.79473,0.00871
3546.73388,0.00893
3544.67302,0.00916
3542.61216,0.00917
3540.55131,0.00931
3538.49045,0.00961
3536.42960,0.00967
3534.36874,0.00952
3532.30788,0.00950
3530.24703,0.00955
3528.18617,0.00953
3526.12531,0.00967
3524.06446,0.00988
3522.00360,0.00986
3519.94274,0.00971
3517.88189,0.00962
3515.82103,0.00971
3513.76018,0.00978
3511.69932,0.00957
3509.63846,0.00924
3507.57761,0.00899
3505.51675,0.00889
3503.45589,0.00898
3501.39504,0.00910
3499.33418,0.00911
3497.27332,0.00917
3495.21247,0.00937
3493.15161,0.00949
3491.09075,0.00939
3489.02990,0.00918
3486.96904,0.00898
3484.90819,0.00894
3482.84733,0.00902
3480.78647,0.00896
3478.72562,0.00883
3476.66476,0.00893
3474.60390,0.00918
3472.54305,0.00924
3470.48219,0.00911
3468.42133,0.00908
3466.36048,0.00911
3464.29962,0.00909
3462.23876,0.00911
3460.17791,0.00917
3458.11705,0.00924
3456.05620,0.00930
3453.99534,0.00922
3451.93448,0.00911
3449.87363,0.00922
3447.81277,0.00940
3445.75191,0.00937
3443.69106,0.00925
3441.63020,0.00923
3439.56934,0.00921
3437.50849,0.00907
3435.44763,0.00879
3433.38678,0.00860
3431.32592,0.00870
3429.26506,0.00895
3427.20421,0.00905
3425.14335,0.00890
3423.08249,0.00884
3421.02164,0.00903
3418.96078,0.00923
3416.89992,0.00933
3414.83907,0.00940
3412.77821,0.00936
3410.71735,0.00923
3408.65650,0.00921
3406.59564,0.00934
3404.53479,0.00934
3402.47393,0.00913
3400.41307,0.00903
3398.35222,0.00913
3396.29136,0.00930
3394.23050,0.00946
3392.16965,0.00942
3390.10879,0.00926
3388.04793,0.00916
3385.98708,0.00917
3383.92622,0.00929
3381.86536,0.00938
3379.80451,0.00930
3377.74365,0.00916
3375.68280,0.00900
3373.62194,0.00891
3371.56108,0.00902
3369.50023,0.00922
3367.43937,0.00927
3365.37851,0.00919
3363.31766,0.00909
3361.25680,0.00901
3359.19594,0.00897
3357.13509,0.00902
3355.07423,0.00910
3353.01338,0.00918
3350.95252,0.00919
3348.89166,0.00912
3346.83081,0.00907
3344.76995,0.00907
3342.70909,0.00901
3340.64824,0.00901
3338.58738,0.00913
3336.52652,0.00919
3334.46567,0.00911
3332.40481,0.00900
3330.34395,0.00892
3328.28310,0.00894
3326.22224,0.00901
3324.16139,0.00904
3322.10053,0.00898
3320.03967,0.00895
3317.97882,0.00908
3315.91796,0.00914
3313.85710,0.00903
3311.79625,0.00902
3309.73539,0.00916
3307.67453,0.00923
3305.61368,0.00917
3303.55282,0.00906
3301.49197,0.00898
3299.43111,0.00900
3297.37025,0.00904
3295.30940,0.00895
3293.24854,0.00900
3291.18768,0.00914
3289.12683,0.00911
3287.06597,0.00907
3285.00511,0.00912
3282.94426,0.00923
3280.88340,0.00933
3278.82254,0.00927
3276.76169,0.00914
3274.70083,0.00911
3272.63998,0.00915
3270.57912,0.00913
3268.51826,0.00895
3266.45741,0.00880
3264.39655,0.00883
3262.33569,0.00898
3260.27484,0.00919
3258.21398,0.00930
3256.15312,0.00927
3254.09227,0.00911
3252.03141,0.00886
3249.97055,0.00869
3247.90970,0.00864
3245.84884,0.00874
3243.78799,0.00891
3241.72713,0.00889
3239.66627,0.00871
3237.60542,0.00874
3235.54456,0.00884
3233.48370,0.00878
3231.42285,0.00877
3229.36199,0.00888
3227.30113,0.00890
3225.24028,0.00878
3223.17942,0.00880
3221.11857,0.00892
3219.05771,0.00889
3216.99685,0.00879
3214.93600,0.00861
3212.87514,0.00840
3210.81428,0.00840
3208.75343,0.00850
3206.69257,0.00857
3204.63171,0.00856
3202.57086,0.00854
3200.51000,0.00856
3198.44914,0.00856
3196.38829,0.00857
3194.32743,0.00862
3192.26658,0.00878
3190.20572,0.00894
3188.14486,0.00888
3186.08401,0.00875
3184.02315,0.00878
3181.96229,0.00889
3179.90144,0.00884
3177.84058,0.00861
3175.77972,0.00848
3173.71887,0.00851
3171.65801,0.00853
3169.59715,0.00860
3167.53630,0.00881
3165.47544,0.00898
3163.41459,0.00885
3161.35373,0.00863
3159.29287,0.00858
3157.23202,0.00864
3155.17116,0.00876
3153.11030,0.00887
3151.04945,0.00877
3148.98859,0.00853
3146.92773,0.00841
3144.86688,0.00843
3142.80602,0.00847
3140.74517,0.00845
3138.68431,0.00839
3136.62345,0.00841
3134.56260,0.00855
3132.50174,0.00867
3130.44088,0.00867
3128.38003,0.00860
3126.31917,0.00847
3124.25831,0.00836
3122.19746,0.00837
3120.13660,0.00849
3118.07574,0.00858
3116.01489,0.00849
3113.95403,0.00834
3111.89318,0.00835
3109.83232,0.00833
3107.77146,0.00824
3105.71061,0.00827
3103.64975,0.00833
3101.58889,0.00823
3099.52804,0.00818
3097.46718,0.00832
3095.40632,0.00832
3093.34547,0.00813
3091.28461,0.00820
3089.22376,0.00844
3087.16290,0.00845
3085.10204,0.00830
3083.04119,0.00813
3080.98033,0.00801
3078.91947,0.00797
3076.85862,0.00798
3074.79776,0.00817
3072.73690,0.00835
3070.67605,0.00836
3068.61519,0.00833
3066.55433,0.00825
3064.49348,0.00813
3062.43262,0.00810
3060.37177,0.00820
3058.31091,0.00830
3056.25005,0.00835
3054.18920,0.00825
3052.12834,0.00795
3050.06748,0.00772
3048.00663,0.00778
3045.94577,0.00793
3043.88491,0.00797
3041.82406,0.00799
3039.76320,0.00799
3037.70234,0.00793
3035.64149,0.00790
3033.58063,0.00791
3031.51978,0.00784
3029.45892,0.00769
3027.39806,0.00766
3025.33721,0.00770
3023.27635,0.00764
3021.21549,0.00765
3019.15464,0.00775
3017.09378,0.00781
3015.03292,0.00779
3012.97207,0.00766
3010.91121,0.00749
3008.85036,0.00738
3006.78950,0.00742
3004.72864,0.00757
3002.66779,0.00769
3000.60693,0.00771
2998.54607,0.00772
2996.48522,0.00773
2994.42436,0.00773
2992.36350,0.00777
2990.30265,0.00784
2988.24179,0.00796
2986.18093,0.00812
2984.12008,0.00818
2982.05922,0.00807
2979.99837,0.00792
2977.93751,0.00787
2975.87665,0.00781
2973.81580,0.00770
2971.75494,0.00772
2969.69408,0.00779
2967.63323,0.00761
2965.57237,0.00743
2963.51151,0.00753
2961.45066,0.00760
2959.38980,0.00739
2957.32894,0.00715
2955.26809,0.00707
2953.20723,0.00715
2951.14638,0.00729
2949.08552,0.00739
2947.02466,0.00739
2944.96381,0.00726
2942.90295,0.00706
2940.84209,0.00688
2938.78124,0.00680
2936.72038,0.00668
2934.65952,0.00644
2932.59867,0.00626
2930.53781,0.00607
2928.47696,0.00569
2926.41610,0.00528
2924.35524,0.00505
2922.29439,0.00501
2920.23353,0.00516
2918.17267,0.00551
2916.11182,0.00592
2914.05096,0.00621
2911.99010,0.00634
2909.92925,0.00646
2907.86839,0.00661
2905.80753,0.00675
2903.74668,0.00690
2901.68582,0.00700
2899.62497,0.00703
2897.56411,0.00709
2895.50325,0.00710
2893.44240,0.00700
2891.38154,0.00697
2889.32068,0.00704
2887.25983,0.00708
2885.19897,0.00713
2883.13811,0.00719
2881.07726,0.00724
2879.01640,0.00729
2876.95555,0.00739
2874.89469,0.00749
2872.83383,0.00758
2870.77298,0.00759
2868.71212,0.00746
2866.65126,0.00728
2864.59041,0.00712
2862.52955,0.00700
2860.46869,0.00683
2858.40784,0.00654
2856.34698,0.00626
2854.28612,0.00613
2852.22527,0.00609
2850.16441,0.00613
2848.10356,0.00623
2846.04270,0.00634
2843.98184,0.00644
2841.92099,0.00663
2839.86013,0.00691
2837.79927,0.00710
2835.73842,0.00706
2833.67756,0.00681
2831.61670,0.00659
2829.55585,0.00662
2827.49499,0.00671
2825.43413,0.00662
2823.37328,0.00642
2821.31242,0.00631
2819.25157,0.00633
2817.19071,0.00638
2815.12985,0.00635
2813.06900,0.00626
2811.00814,0.00623
2808.94728,0.00619
2806.88643,0.00609
2804.82557,0.00607
2802.76471,0.00615
2800.70386,0.00626
2798.64300,0.00638
2796.58215,0.00642
2794.52129,0.00632
2792.46043,0.00620
2790.39958,0.00627
2788.33872,0.00641
2786.27786,0.00634
2784.21701,0.00609
2782.15615,0.00594
2780.09529,0.00596
2778.03444,0.00610
2775.97358,0.00627
2773.91272,0.00628
2771.85187,0.00624
2769.79101,0.00628
2767.73016,0.00632
2765.66930,0.00627
2763.60844,0.00611
2761.54759,0.00597
2759.48673,0.00591
2757.42587,0.00590
2755.36502,0.00593
2753.30416,0.00599
2751.24330,0.00604
2749.18245,0.00607
2747.12159,0.00614
2745.06073,0.00619
2742.99988,0.00621
2740.93902,0.00621
2738.87817,0.00623
2736.81731,0.00621
2734.75645,0.00608
2732.69560,0.00600
2730.63474,0.00606
2728.57388,0.00610
2726.51303,0.00605
2724.45217,0.00603
2722.39131,0.00609
2720.33046,0.00609
2718.26960,0.00602
2716.20875,0.00602
2714.14789,0.00611
2712.08703,0.00613
2710.02618,0.00602
2707.96532,0.00592
2705.90446,0.00595
2703.84361,0.00595
2701.78275,0.00586
2699.72189,0.00581
2697.66104,0.00586
2695.60018,0.00589
2693.53932,0.00592
2691.47847,0.00593
2689.41761,0.00581
2687.35676,0.00572
2685.29590,0.00571
2683.23504,0.00572
2681.17419,0.00581
2679.11333,0.00588
2677.05247,0.00592
2674.99162,0.00597
2672.93076,0.00594
2670.86990,0.00592
2668.80905,0.00597
2666.74819,0.00599
2664.68734,0.00601
2662.62648,0.00603
2660.56562,0.00601
2658.50477,0.00604
2656.44391,0.00619
2654.38305,0.00633
2652.32220,0.00638
2650.26134,0.00639
2648.20048,0.00639
2646.13963,0.00635
2644.07877,0.00624
2642.01791,0.00615
2639.95706,0.00611
2637.89620,0.00605
2635.83535,0.00605
2633.77449,0.00614
2631.71363,0.00621
2629.65278,0.00627
2627.59192,0.00630
2625.53106,0.00621
2623.47021,0.00620
2621.40935,0.00642
2619.34849,0.00668
2617.28764,0.00683
2615.22678,0.00680
2613.16592,0.00668
2611.10507,0.00661
2609.04421,0.00659
2606.98336,0.00657
2604.92250,0.00653
2602.86164,0.00649
2600.80079,0.00646
2598.73993,0.00640
2596.67907,0.00638
2594.61822,0.00636
2592.55736,0.00632
2590.49650,0.00639
2588.43565,0.00641
2586.37479,0.00637
2584.31394,0.00645
2582.25308,0.00651
2580.19222,0.00646
2578.13137,0.00634
2576.07051,0.00618
2574.00965,0.00615
2571.94880,0.00638
2569.88794,0.00668
2567.82708,0.00663
2565.76623,0.00630
2563.70537,0.00621
2561.64451,0.00636
2559.58366,0.00647
2557.52280,0.00657
2555.46195,0.00661
2553.40109,0.00649
2551.34023,0.00646
2549.27938,0.00655
2547.21852,0.00665
2545.15766,0.00678
2543.09681,0.00688
2541.03595,0.00694
2538.97509,0.00710
2536.91424,0.00731
2534.85338,0.00746
2532.79252,0.00748
2530.73167,0.00748
2528.67081,0.00760
2526.60996,0.00784
2524.54910,0.00827
2522.48824,0.00886
2520.42739,0.00905
2518.36653,0.00877
2516.30567,0.00864
2514.24482,0.00881
2512.18396,0.00894
2510.12310,0.00899
2508.06225,0.00897
2506.00139,0.00881
2503.94054,0.00861
2501.87968,0.00837
2499.81882,0.00803
2497.75797,0.00777
2495.69711,0.00769
2493.63625,0.00741
2491.57540,0.00683
2489.51454,0.00641
2487.45368,0.00637
2485.39283,0.00643
2483.33197,0.00641
2481.27111,0.00646
2479.21026,0.00647
2477.14940,0.00628
2475.08855,0.00616
2473.02769,0.00620
2470.96683,0.00614
2468.90598,0.00592
2466.84512,0.00581
2464.78426,0.00586
2462.72341,0.00575
2460.66255,0.00546
2458.60169,0.00533
2456.54084,0.00547
2454.47998,0.00561
2452.41913,0.00558
2450.35827,0.00539
2448.29741,0.00522
2446.23656,0.00527
2444.17570,0.00543
2442.11484,0.00539
2440.05399,0.00513
2437.99313,0.00492
2435.93227,0.00506
2433.87142,0.00547
2431.81056,0.00580
2429.74970,0.00584
2427.68885,0.00561
2425.62799,0.00525
2423.56714,0.00500
2421.50628,0.00504
2419.44542,0.00520
2417.38457,0.00533
2415.32371,0.00544
2413.26285,0.00534
2411.20200,0.00517
2409.14114,0.00512
2407.08028,0.00512
2405.01943,0.00521
2402.95857,0.00536
2400.89771,0.00550
2398.83686,0.00541
2396.77600,0.00504
2394.71515,0.00475
2392.65429,0.00475
2390.59343,0.00485
2388.53258,0.00482
2386.47172,0.00473
2384.41086,0.00479
2382.35001,0.00489
2380.28915,0.00490
2378.22829,0.00495
2376.16744,0.00515
2374.10658,0.00534
2372.04573,0.00521
2369.98487,0.00489
2367.92401,0.00486
2365.86316,0.00478
2363.80230,0.00435
2361.74144,0.00421
2359.68059,0.00470
2357.61973,0.00528
2355.55887,0.00536
2353.49802,0.00517
2351.43716,0.00513
2349.37630,0.00519
2347.31545,0.00527
2345.25459,0.00523
2343.19374,0.00508
2341.13288,0.00517
2339.07202,0.00529
2337.01117,0.00511
2334.95031,0.00485
2332.88945,0.00478
2330.82860,0.00498
2328.76774,0.00530
2326.70688,0.00574
2324.64603,0.00619
2322.58517,0.00617
2320.52431,0.00580
2318.46346,0.00576
2316.40260,0.00601
2314.34175,0.00614
2312.28089,0.00603
2310.22003,0.00592
2308.15918,0.00595
2306.09832,0.00595
2304.03746,0.00584
2301.97661,0.00576
2299.91575,0.00582
2297.85489,0.00578
2295.79404,0.00553
2293.73318,0.00554
2291.67233,0.00589
2289.61147,0.00619
2287.55061,0.00622
2285.48976,0.00605
2283.42890,0.00578
2281.36804,0.00553
2279.30719,0.00555
2277.24633,0.00577
2275.18547,0.00579
2273.12462,0.00559
2271.06376,0.00547
2269.00290,0.00544
2266.94205,0.00538
2264.88119,0.00539
2262.82034,0.00544
2260.75948,0.00546
2258.69862,0.00566
2256.63777,0.00587
2254.57691,0.00555
2252.51605,0.00497
2250.45520,0.00484
2248.39434,0.00538
2246.33348,0.00588
2244.27263,0.00574
2242.21177,0.00524
2240.15092,0.00502
2238.09006,0.00543
2236.02920,0.00577
2233.96835,0.00569
2231.90749,0.00563
2229.84663,0.00534
2227.78578,0.00522
2225.72492,0.00555
2223.66406,0.00519
2221.60321,0.00442
2219.54235,0.00442
2217.48149,0.00467
2215.42064,0.00444
2213.35978,0.00404
2211.29893,0.00412
2209.23807,0.00483
2207.17721,0.00574
2205.11636,0.00618
2203.05550,0.00594
2200.99464,0.00582
2198.93379,0.00599
2196.87293,0.00580
2194.81207,0.00584
2192.75122,0.00641
2190.69036,0.00631
2188.62950,0.00520
2186.56865,0.00425
2184.50779,0.00408
2182.44694,0.00424
2180.38608,0.00442
2178.32522,0.00483
2176.26437,0.00536
2174.20351,0.00553
2172.14265,0.00532
2170.08180,0.00531
2168.02094,0.00587
2165.96008,0.00669
2163.89923,0.00721
2161.83837,0.00670
2159.77752,0.00492
2157.71666,0.00328
2155.65580,0.00301
2153.59495,0.00338
2151.53409,0.00387
2149.47323,0.00431
2147.41238,0.00447
2145.35152,0.00465
2143.29066,0.00494
2141.22981,0.00516
2139.16895,0.00498
2137.10809,0.00430
2135.04724,0.00374
2132.98638,0.00357
2130.92553,0.00350
2128.86467,0.00380
2126.80381,0.00443
2124.74296,0.00476
2122.68210,0.00495
2120.62124,0.00507
2118.56039,0.00498
2116.49953,0.00508
2114.43867,0.00522
2112.37782,0.00500
2110.31696,0.00482
2108.25611,0.00502
2106.19525,0.00527
2104.13439,0.00526
2102.07354,0.00510
2100.01268,0.00491
2097.95182,0.00470
2095.89097,0.00462
2093.83011,0.00486
2091.76925,0.00518
2089.70840,0.00513
2087.64754,0.00505
2085.58668,0.00522
2083.52583,0.00541
2081.46497,0.00563
2079.40412,0.00597
2077.34326,0.00627
2075.28240,0.00614
2073.22155,0.00572
2071.16069,0.00539
2069.09983,0.00516
2067.03898,0.00496
2064.97812,0.00486
2062.91726,0.00498
2060.85641,0.00526
2058.79555,0.00565
2056.73469,0.00593
2054.67384,0.00573
2052.61298,0.00531
2050.55213,0.00516
2048.49127,0.00526
2046.43041,0.00528
2044.36956,0.00472
2042.30870,0.00449
2040.24784,0.00559
2038.18699,0.00707
2036.12613,0.00755
2034.06527,0.00658
2032.00442,0.00504
2029.94356,0.00412
2027.88271,0.00367
2025.82185,0.00307
2023.76099,0.00284
2021.70014,0.00342
2019.63928,0.00423
2017.57842,0.00452
2015.51757,0.00428
2013.45671,0.00397
2011.39585,0.00355
2009.33500,0.00309
2007.27414,0.00321
2005.21328,0.00392
2003.15243,0.00472
2001.09157,0.00517
1999.03072,0.00501
1996.96986,0.00456
1994.90900,0.00441
1992.84815,0.00489
1990.78729,0.00565
1988.72643,0.00575
1986.66558,0.00535
1984.60472,0.00557
1982.54386,0.00595
1980.48301,0.00534
1978.42215,0.00427
1976.36129,0.00356
1974.30044,0.00353
1972.23958,0.00468
1970.17873,0.00605
1968.11787,0.00603
1966.05701,0.00512
1963.99616,0.00498
1961.93530,0.00533
1959.87444,0.00527
1957.81359,0.00507
1955.75273,0.00495
1953.69187,0.00484
1951.63102,0.00495
1949.57016,0.00521
1947.50931,0.00543
1945.44845,0.00547
1943.38759,0.00494
1941.32674,0.00402
1939.26588,0.00363
1937.20502,0.00389
1935.14417,0.00438
1933.08331,0.00478
1931.02245,0.00491
1928.96160,0.00509
1926.90074,0.00543
1924.83988,0.00542
1922.77903,0.00512
1920.71817,0.00507
1918.65732,0.00520
1916.59646,0.00535
1914.53560,0.00557
1912.47475,0.00558
1910.41389,0.00532
1908.35303,0.00527
1906.29218,0.00531
1904.23132,0.00505
1902.17046,0.00493
1900.10961,0.00518
1898.04875,0.00529
1895.98790,0.00496
1893.92704,0.00456
1891.86618,0.00453
1889.80533,0.00489
1887.74447,0.00524
1885.68361,0.00513
1883.62276,0.00488
1881.56190,0.00505
1879.50104,0.00539
1877.44019,0.00550
1875.37933,0.00543
1873.31847,0.00527
1871.25762,0.00512
1869.19676,0.00510
1867.13591,0.00516
1865.07505,0.00510
1863.01419,0.00493
1860.95334,0.00502
1858.89248,0.00526
1856.83162,0.00535
1854.77077,0.00529
1852.70991,0.00522
1850.64905,0.00519
1848.58820,0.00500
1846.52734,0.00454
1844.46648,0.00435
1842.40563,0.00476
1840.34477,0.00518
1838.28392,0.00539
1836.22306,0.00561
1834.16220,0.00568
1832.10135,0.00544
1830.04049,0.00516
1827.97963,0.00522
1825.91878,0.00535
1823.85792,0.00533
1821.79706,0.00536
1819.73621,0.00542
1817.67535,0.00543
1815.61450,0.00555
1813.55364,0.00586
1811.49278,0.00623
1809.43193,0.00647
1807.37107,0.00668
1805.31021,0.00727
1803.24936,0.00835
1801.18850,0.00967
1799.12764,0.01093
1797.06679,0.01183
1795.00593,0.01217
1792.94507,0.01185
1790.88422,0.01092
1788.82336,0.00990
1786.76251,0.00898
1784.70165,0.00822
1782.64079,0.00778
1780.57994,0.00756
1778.51908,0.00735
1776.45822,0.00710
1774.39737,0.00684
1772.33651,0.00663
1770.27565,0.00657
1768.21480,0.00650
1766.15394,0.00638
1764.09308,0.00626
1762.03223,0.00608
1759.97137,0.00597
1757.91052,0.00599
1755.84966,0.00603
1753.78880,0.00601
1751.72795,0.00595
1749.66709,0.00586
1747.60623,0.00568
1745.54538,0.00560
1743.48452,0.00571
1741.42366,0.00589
1739.36281,0.00603
1737.30195,0.00609
1735.24110,0.00616
1733.18024,0.00622
1731.11938,0.00623
1729.05853,0.00620
1726.99767,0.00609
1724.93681,0.00609
1722.87596,0.00630
1720.81510,0.00650
1718.75424,0.00657
1716.69339,0.00663
1714.63253,0.00669
1712.57167,0.00667
1710.51082,0.00657
1708.44996,0.00653
1706.38911,0.00662
1704.32825,0.00673
1702.26739,0.00668
1700.20654,0.00654
1698.14568,0.00657
1696.08482,0.00674
1694.02397,0.00687
1691.96311,0.00685
1689.90225,0.00678
1687.84140,0.00672
1685.78054,0.00665
1683.71969,0.00671
1681.65883,0.00689
1679.59797,0.00699
1677.53712,0.00700
1675.47626,0.00688
1673.41540,0.00687
1671.35455,0.00705
1669.29369,0.00723
1667.23283,0.00730
1665.17198,0.00742
1663.11112,0.00770
1661.05026,0.00795
1658.98941,0.00804
1656.92855,0.00812
1654.86770,0.00829
1652.80684,0.00856
1650.74598,0.00870
1648.68513,0.00872
1646.62427,0.00882
1644.56341,0.00892
1642.50256,0.00892
1640.44170,0.00885
1638.38084,0.00884
1636.31999,0.00899
1634.25913,0.00910
1632.19827,0.00903
1630.13742,0.00895
1628.07656,0.00904
1626.01571,0.00924
1623.95485,0.00939
1621.89399,0.00944
1619.83314,0.00950
1617.77228,0.00960
1615.71142,0.00976
1613.65057,0.01007
1611.58971,0.01044
1609.52885,0.01073
1607.46800,0.01088
1605.40714,0.01097
1603.34629,0.01119
1601.28543,0.01156
1599.22457,0.01189
1597.16372,0.01217
1595.10286,0.01245
1593.04200,0.01280
1590.98115,0.01315
1588.92029,0.01346
1586.85943,0.01375
1584.79858,0.01398
1582.73772,0.01412
1580.67686,0.01426
1578.61601,0.01452
1576.55515,0.01494
1574.49430,0.01528
1572.43344,0.01537
1570.37258,0.01558
1568.31173,0.01602
1566.25087,0.01651
1564.19001,0.01700
1562.12916,0.01737
1560.06830,0.01780
1558.00744,0.01893
1555.94659,0.02014
1553.88573,0.02130
1551.82487,0.02276
1549.76402,0.02464
1547.70316,0.02681
1545.64231,0.02914
1543.58145,0.03194
1541.52059,0.03533
1539.45974,0.03980
1537.39888,0.04297
1535.33802,0.04518
1533.27717,0.04856
1531.21631,0.05228
1529.15545,0.05535
1527.09460,0.05890
1525.03374,0.06275
1522.97289,0.06657
1520.91203,0.07122
1518.85117,0.07535
1516.79032,0.07921
1514.72946,0.08307
1512.66860,0.08627
1510.60775,0.08906
1508.54689,0.09222
1506.48603,0.09796
1504.42518,0.10291
1502.36432,0.10551
1500.30346,0.10834
1498.24261,0.11232
1496.18175,0.11705
1494.12090,0.12068
1492.06004,0.12341
1489.99918,0.12738
1487.93833,0.13218
1485.87747,0.13579
1483.81661,0.13870
1481.75576,0.14182
1479.69490,0.14496
1477.63404,0.14787
1475.57319,0.15105
1473.51233,0.15506
1471.45148,0.15967
1469.39062,0.16266
1467.32976,0.16467
1465.26891,0.16782
1463.20805,0.17165
1461.14719,0.17413
1459.08634,0.17653
1457.02548,0.18207
1454.96462,0.18768
1452.90377,0.19056
1450.84291,0.19330
1448.78205,0.19717
1446.72120,0.20172
1444.66034,0.20566
1442.59949,0.20911
1440.53863,0.21219
1438.47777,0.21529
1436.41692,0.22033
1434.35606,0.22509
1432.29520,0.22827
1430.23435,0.23252
1428.17349,0.23743
1426.11263,0.24180
1424.05178,0.24666
1421.99092,0.25155
1419.93006,0.25731
1417.86921,0.26538
1415.80835,0.27177
1413.74750,0.27698
1411.68664,0.28317
1409.62578,0.28956
1407.56493,0.29469
1405.50407,0.29836
1403.44321,0.29991
1401.38236,0.29951
1399.32150,0.29939
1397.26064,0.29944
1395.19979,0.29795
1393.13893,0.29435
1391.07808,0.28887
1389.01722,0.28207
1386.95636,0.27429
1384.89551,0.26578
1382.83465,0.25684
1380.77379,0.24758
1378.71294,0.23826
1376.65208,0.22908
1374.59122,0.21978
1372.53037,0.21052
1370.46951,0.20164
1368.40865,0.19272
1366.34780,0.18393
1364.28694,0.17521
1362.22609,0.16614
1360.16523,0.15747
1358.10437,0.14952
1356.04352,0.14192
1353.98266,0.13459
1351.92180,0.12765
1349.86095,0.12109
1347.80009,0.11490
1345.73923,0.10910
1343.67838,0.10378
1341.61752,0.09881
1339.55666,0.09390
1337.49581,0.08932
1335.43495,0.08530
1333.37410,0.08160
1331.31324,0.07812
1329.25238,0.07487
1327.19153,0.07186
1325.13067,0.06908
1323.06981,0.06651
1321.00896,0.06416
1318.94810,0.06193
1316.88724,0.05987
1314.82639,0.05796
1312.76553,0.05603
1310.70468,0.05408
1308.64382,0.05230
1306.58296,0.05066
1304.52211,0.04911
1302.46125,0.04771
1300.40039,0.04639
1298.33954,0.04506
1296.27868,0.04379
1294.21782,0.04268
1292.15697,0.04164
1290.09611,0.04069
1288.03525,0.03991
1285.97440,0.03923
1283.91354,0.03855
1281.85269,0.03786
1279.79183,0.03716
1277.73097,0.03644
1275.67012,0.03577
1273.60926,0.03524
1271.54840,0.03480
1269.48755,0.03432
1267.42669,0.03382
1265.36583,0.03333
1263.30498,0.03290
1261.24412,0.03255
1259.18327,0.03227
1257.12241,0.03194
1255.06155,0.03152
1253.00070,0.03110
1250.93984,0.03079
1248.87898,0.03054
1246.81813,0.03024
1244.75727,0.02996
1242.69641,0.02981
1240.63556,0.02971
1238.57470,0.02957
1236.51384,0.02941
1234.45299,0.02918
1232.39213,0.02885
1230.33128,0.02860
1228.27042,0.02856
1226.20956,0.02854
1224.14871,0.02839
1222.08785,0.02820
1220.02699,0.02806
1217.96614,0.02791
1215.90528,0.02773
1213.84442,0.02756
1211.78357,0.02746
1209.72271,0.02746
1207.66185,0.02749
1205.60100,0.02746
1203.54014,0.02740
1201.47929,0.02736
1199.41843,0.02734
1197.35757,0.02737
1195.29672,0.02752
1193.23586,0.02762
1191.17500,0.02757
1189.11415,0.02751
1187.05329,0.02753
1184.99243,0.02758
1182.93158,0.02756
1180.87072,0.02756
1178.80987,0.02766
1176.74901,0.02781
1174.68815,0.02790
1172.62730,0.02786
1170.56644,0.02771
1168.50558,0.02765
1166.44473,0.02775
1164.38387,0.02786
1162.32301,0.02789
1160.26216,0.02783
1158.20130,0.02775
1156.14044,0.02771
1154.07959,0.02763
1152.01873,0.02752
1149.95788,0.02745
1147.89702,0.02743
1145.83616,0.02734
1143.77531,0.02718
1141.71445,0.02714
1139.65359,0.02723
1137.59274,0.02728
1135.53188,0.02722
1133.47102,0.02709
1131.41017,0.02707
1129.34931,0.02716
1127.28845,0.02719
1125.22760,0.02702
1123.16674,0.02686
1121.10589,0.02695
1119.04503,0.02715
1116.98417,0.02718
1114.92332,0.02718
1112.86246,0.02736
1110.80160,0.02749
1108.74075,0.02740
1106.67989,0.02728
1104.61903,0.02732
1102.55818,0.02744
1100.49732,0.02756
1098.43647,0.02772
1096.37561,0.02797
1094.31475,0.02833
1092.25390,0.02881
1090.19304,0.02933
1088.13218,0.02970
1086.07133,0.03000
1084.01047,0.03033
1081.94961,0.03043
1079.88876,0.03017
1077.82790,0.02978
1075.76704,0.02945
1073.70619,0.02921
1071.64533,0.02905
1069.58448,0.02886
1067.52362,0.02866
1065.46276,0.02854
1063.40191,0.02849
1061.34105,0.02838
1059.28019,0.02825
1057.21934,0.02833
1055.15848,0.02853
1053.09762,0.02851
1051.03677,0.02833
1048.97591,0.02828
1046.91506,0.02831
1044.85420,0.02828
1042.79334,0.02833
1040.73249,0.02839
1038.67163,0.02828
1036.61077,0.02816
1034.54992,0.02824
1032.48906,0.02837
1030.42820,0.02847
1028.36735,0.02859
1026.30649,0.02869
1024.24563,0.02875
1022.18478,0.02877
1020.12392,0.02875
1018.06307,0.02871
1016.00221,0.02861
1013.94135,0.02842
1011.88050,0.02829
1009.81964,0.02830
1007.75878,0.02824
1005.69793,0.02801
1003.63707,0.02779
1001.57621,0.02775
999.51536,0.02778
997.45450,0.02780
995.39364,0.02781
993.33279,0.02771
991.27193,0.02751
989.21108,0.02734
987.15022,0.02727
985.08936,0.02723
983.02851,0.02710
980.96765,0.02687
978.90679,0.02667
976.84594,0.02661
974.78508,0.02670
972.72422,0.02669
970.66337,0.02650
968.60251,0.02632
966.54166,0.02631
964.48080,0.02641
962.41994,0.02649
960.35909,0.02644
958.29823,0.02645
956.23737,0.02650
954.17652,0.02633
952.11566,0.02613
950.05480,0.02613
947.99395,0.02617
945.93309,0.02618
943.87223,0.02611
941.81138,0.02597
939.75052,0.02588
937.68967,0.02589
935.62881,0.02583
933.56795,0.02561
931.50710,0.02542
929.44624,0.02533
927.38538,0.02518
925.32453,0.02502
923.26367,0.02491
921.20281,0.02476
919.14196,0.02451
917.08110,0.02433
915.02024,0.02434
912.95939,0.02433
910.89853,0.02409
908.83768,0.02384
906.77682,0.02366
904.71596,0.02342
902.65511,0.02329
900.59425,0.02326
898.53339,0.02308
896.47254,0.02288
894.41168,0.02283
892.35082,0.02301
890.28997,0.02371
888.22911,0.02584
886.16826,0.03228
884.10740,0.04704
882.04654,0.07228
879.98569,0.10672
877.92483,0.14608
875.86397,0.18468
873.80312,0.21459
871.74226,0.21880
869.68140,0.18520
867.62055,0.13504
865.55969,0.09654
863.49883,0.07496
861.43798,0.06363
859.37712,0.05720
857.31627,0.05269
855.25541,0.04883
853.19455,0.04582
851.13370,0.04462
849.07284,0.04489
847.01198,0.04382
844.95113,0.04063
842.89027,0.03771
840.82941,0.03609
838.76856,0.03516
836.70770,0.03441
834.64685,0.03389
832.58599,0.03382
830.52513,0.03374
828.46428,0.03331
826.40342,0.03298
824.34256,0.03294
822.28171,0.03302
820.22085,0.03313
818.15999,0.03313
816.09914,0.03305
814.03828,0.03294
811.97742,0.03274
809.91657,0.03258
807.85571,0.03261
805.79486,0.03277
803.73400,0.03307
801.67314,0.03340
799.61229,0.03352
797.55143,0.03358
795.49057,0.03373
793.42972,0.03377
791.36886,0.03360
789.30800,0.03349
787.24715,0.03369
785.18629,0.03399
783.12543,0.03422
781.06458,0.03436
779.00372,0.03428
776.94287,0.03422
774.88201,0.03438
772.82115,0.03447
770.76030,0.03447
768.69944,0.03431
766.63858,0.03411
764.57773,0.03410
762.51687,0.03415
760.45601,0.03415
758.39516,0.03421
756.33430,0.03427
754.27345,0.03430
752.21259,0.03438
750.15173,0.03445
748.09088,0.03453
746.03002,0.03473
743.96916,0.03483
741.90831,0.03474
739.84745,0.03482
737.78659,0.03505
735.72574,0.03511
733.66488,0.03519
731.60402,0.03550
729.54317,0.03594
727.48231,0.03646
725.42146,0.03698
723.36060,0.03797
721.29974,0.04038
719.23889,0.04524
717.17803,0.05438
715.11717,0.06830
713.05632,0.07952
710.99546,0.07810
708.93460,0.06726
706.87375,0.05713
704.81289,0.05123
702.75204,0.04817
700.69118,0.04636
698.63032,0.04512
696.56947,0.04426
694.50861,0.04359
692.44775,0.04287
690.38690,0.04213
688.32604,0.04182
686.26518,0.04184
684.20433,0.04161
682.14347,0.04135
680.08261,0.04136
678.02176,0.04141
675.96090,0.04146
673.90005,0.04159
671.83919,0.04165
669.77833,0.04158
667.71748,0.04147
665.65662,0.04158
663.59576,0.04198
661.53491,0.04238
659.47405,0.04267
657.41319,0.04281
655.35234,0.04259
653.29148,0.04223
651.23062,0.04192
649.16977,0.04159
647.10891,0.04143
645.04806,0.04150
642.98720,0.04165
640.92634,0.04188
638.86549,0.04205
636.80463,0.04210
634.74377,0.04219
632.68292,0.04239
630.62206,0.04240
628.56120,0.04219
626.50035,0.04211
624.43949,0.04218
622.37864,0.04199
620.31778,0.04181
618.25692,0.04240
616.19607,0.04317
614.13521,0.04296
612.07435,0.04241
610.01350,0.04270
607.95264,0.04357
605.89178,0.04419
603.83093,0.04461
601.77007,0.04496
599.70921,0.04506
597.64836,0.04519
595.58750,0.04535
593.52665,0.04548
591.46579,0.04588
589.40493,0.04640
587.34408,0.04687
585.28322,0.04723
583.22236,0.04742
581.16151,0.04786
579.10065,0.04844
577.03979,0.04830
574.97894,0.04776
572.91808,0.04771
570.85722,0.04801
568.79637,0.04825
566.73551,0.04834
564.67466,0.04864
562.61380,0.04917
560.55294,0.04913
558.49209,0.04870
556.43123,0.04887
554.37037,0.04938
552.30952,0.04996
550.24866,0.05078
548.18780,0.05129
546.12695,0.05169
544.06609,0.05277
542.00524,0.05356
539.94438,0.05341
537.88352,0.05341
535.82267,0.05361
533.76181,0.05382
531.70095,0.05415
529.64010,0.05439
527.57924,0.05469
525.51838,0.05494
523.45753,0.05512
521.39667,0.05509
519.33581,0.05435
517.27496,0.05364
515.21410,0.05416
513.15325,0.05499
511.09239,0.05501
509.03153,0.05452
506.97068,0.05410
504.90982,0.05395
502.84896,0.05405
500.78811,0.05445
498.72725,0.05519
496.66639,0.05572
494.60554,0.05570
492.54468,0.05542
490.48383,0.05549
488.42297,0.05542
486.36211,0.05449
484.30126,0.05399
482.24040,0.05423
480.17954,0.05396
478.11869,0.05372
476.05783,0.05372
473.99697,0.05339
471.93612,0.05318
469.87526,0.05347
467.81440,0.05370
465.75355,0.05365
463.69269,0.05335
461.63184,0.05280
459.57098,0.05237
457.51012,0.05257
455.44927,0.05313
453.38841,0.05294
451.32755,0.05249
449.26670,0.05311
447.20584,0.05406
445.14498,0.05424
443.08413,0.05376
441.02327,0.05317
438.96241,0.05333
436.90156,0.05442
434.84070,0.05594
432.77985,0.05763
430.71899,0.05933
428.65813,0.06082
426.59728,0.06288
424.53642,0.06568
422.47556,0.06787
420.41471,0.07033
418.35385,0.07295
416.29299,0.07355
414.23214,0.07380
412.17128,0.07336
410.11043,0.07109
408.04957,0.06900
405.98871,0.06896
403.92786,0.07063
401.86700,0.07281
399.80614,0.07530
