3996.00057,0.00590
3993.93972,0.00562
3991.87886,0.00548
3989.81801,0.00563
3987.75715,0.00575
3985.69629,0.00564
3983.63544,0.00547
3981.57458,0.00538
3979.51372,0.00533
3977.45287,0.00535
3975.39201,0.00539
3973.33115,0.00534
3971.27030,0.00519
3969.20944,0.00519
3967.14858,0.00534
3965.08773,0.00532
3963.02687,0.00528
3960.96602,0.00545
3958.90516,0.00561
3956.84430,0.00560
3954.78345,0.00553
3952.72259,0.00548
3950.66173,0.00547
3948.60088,0.00542
3946.54002,0.00541
3944.47916,0.00554
3942.41831,0.00566
3940.35745,0.00552
3938.29659,0.00534
3936.23574,0.00556
3934.17488,0.00598
3932.11403,0.00593
3930.05317,0.00548
3927.99231,0.00532
3925.93146,0.00543
3923.87060,0.00544
3921.80974,0.00536
3919.74889,0.00536
3917.68803,0.00554
3915.62717,0.00577
3913.56632,0.00576
3911.50546,0.00557
3909.44461,0.00549
3907.38375,0.00553
3905.32289,0.00555
3903.26204,0.00543
3901.20118,0.00539
3899.14032,0.00560
3897.07947,0.00571
3895.01861,0.00568
3892.95775,0.00572
3890.89690,0.00573
3888.83604,0.00565
3886.77518,0.00555
3884.71433,0.00546
3882.65347,0.00527
3880.59262,0.00513
3878.53176,0.00523
3876.47090,0.00532
3874.41005,0.00532
3872.34919,0.00541
3870.28833,0.00557
3868.22748,0.00552
3866.16662,0.00546
3864.10576,0.00568
3862.04491,0.00579
3859.98405,0.00557
3857.92320,0.00544
3855.86234,0.00553
3853.80148,0.00559
3851.74063,0.00559
3849.67977,0.00565
3847.61891,0.00567
3845.55806,0.00544
3843.49720,0.00509
3841.43634,0.00521
3839.37549,0.00560
3837.31463,0.00564
3835.25377,0.00555
3833.19292,0.00561
3831.13206,0.00572
3829.07121,0.00578
3827.01035,0.00574
3824.94949,0.00567
3822.88864,0.00563
3820.82778,0.00561
3818.76692,0.00565
3816.70607,0.00580
3814.64521,0.00590
3812.58435,0.00582
3810.52350,0.00578
3808.46264,0.00579
3806.40178,0.00565
3804.34093,0.00554
3802.28007,0.00554
3800.21922,0.00536
3798.15836,0.00510
3796.09750,0.00515
3794.03665,0.00538
3791.97579,0.00547
3789.91493,0.00539
3787.85408,0.00534
3785.79322,0.00534
3783.73236,0.00537
3781.67151,0.00545
3779.61065,0.00554
3777.54980,0.00560
3775.48894,0.00561
3773.42808,0.00563
3771.36723,0.00568
3769.30637,0.00575
3767.24551,0.00577
3765.18466,0.00561
3763.12380,0.00535
3761.06294,0.00530
3759.00209,0.00552
3756.94123,0.00570
3754.88037,0.00561
3752.81952,0.00544
3750.75866,0.00545
3748.69781,0.00552
3746.63695,0.00557
3744.57609,0.00564
3742.51524,0.00552
3740.45438,0.00530
3738.39352,0.00515
3736.33267,0.00531
3734.27181,0.00567
3732.21095,0.00565
3730.15010,0.00557
3728.08924,0.00561
3726.02839,0.00550
3723.96753,0.00518
3721.90667,0.00495
3719.84582,0.00499
3717.78496,0.00523
3715.72410,0.00546
3713.66325,0.00557
3711.60239,0.00559
3709.54153,0.00554
3707.48068,0.00532
3705.41982,0.00502
3703.35896,0.00493
3701.29811,0.00525
3699.23725,0.00563
3697.17640,0.00560
3695.11554,0.00539
3693.05468,0.00530
3690.99383,0.00538
3688.93297,0.00547
3686.87211,0.00545
3684.81126,0.00555
3682.75040,0.00577
3680.68954,0.00587
3678.62869,0.00578
3676.56783,0.00557
3674.50697,0.00538
3672.44612,0.00532
3670.38526,0.00535
3668.32441,0.00559
3666.26355,0.00587
3664.20269,0.00597
3662.14184,0.00600
3660.08098,0.00599
3658.02012,0.00582
3655.95927,0.00575
3653.89841,0.00591
3651.83755,0.00594
3649.77670,0.00588
3647.71584,0.00615
3645.65499,0.00670
3643.59413,0.00716
3641.53327,0.00740
3639.47242,0.00738
3637.41156,0.00713
3635.35070,0.00683
3633.28985,0.00670
3631.22899,0.00675
3629.16813,0.00682
3627.10728,0.00669
3625.04642,0.00655
3622.98556,0.00658
3620.92471,0.00662
3618.86385,0.00639
3616.80300,0.00610
3614.74214,0.00614
3612.68128,0.00640
3610.62043,0.00663
3608.55957,0.00694
3606.49871,0.00713
3604.43786,0.00700
3602.37700,0.00684
3600.31614,0.00669
3598.25529,0.00652
3596.19443,0.00659
3594.13357,0.00675
3592.07272,0.00671
3590.01186,0.00673
3587.95101,0.00690
3585.89015,0.00697
3583.82929,0.00709
3581.76844,0.00731
3579.70758,0.00748
3577.64672,0.00748
3575.58587,0.00732
3573.52501,0.00711
3571.46415,0.00692
3569.40330,0.00687
3567.34244,0.00705
3565.28159,0.00730
3563.22073,0.00734
3561.15987,0.00721
3559.09902,0.00718
3557.03816,0.00735
3554.97730,0.00750
3552.91645,0.00748
3550.85559,0.00746
3548.79473,0.00755
3546.73388,0.00754
3544.67302,0.00743
3542.61216,0.00744
3540.55131,0.00741
3538.49045,0.00735
3536.42960,0.00735
3534.36874,0.00739
3532.30788,0.00742
3530.24703,0.00731
3528.18617,0.00725
3526.12531,0.00752
3524.06446,0.00781
3522.00360,0.00785
3519.94274,0.00777
3517.88189,0.00769
3515.82103,0.00775
3513.76018,0.00786
3511.69932,0.00784
3509.63846,0.00785
3507.57761,0.00789
3505.51675,0.00780
3503.45589,0.00767
3501.39504,0.00771
3499.33418,0.00783
3497.27332,0.00778
3495.21247,0.00761
3493.15161,0.00758
3491.09075,0.00767
3489.02990,0.00774
3486.96904,0.00780
3484.90819,0.00781
3482.84733,0.00786
3480.78647,0.00797
3478.72562,0.00788
3476.66476,0.00760
3474.60390,0.00755
3472.54305,0.00775
3470.48219,0.00786
3468.42133,0.00785
3466.36048,0.00789
3464.29962,0.00795
3462.23876,0.00790
3460.17791,0.00769
3458.11705,0.00753
3456.05620,0.00754
3453.99534,0.00754
3451.93448,0.00748
3449.87363,0.00764
3447.81277,0.00794
3445.75191,0.00795
3443.69106,0.00770
3441.63020,0.00747
3439.56934,0.00741
3437.50849,0.00747
3435.44763,0.00751
3433.38678,0.00759
3431.32592,0.00770
3429.26506,0.00775
3427.20421,0.00777
3425.14335,0.00764
3423.08249,0.00746
3421.02164,0.00752
3418.96078,0.00760
3416.89992,0.00755
3414.83907,0.00761
3412.77821,0.00769
3410.71735,0.00761
3408.65650,0.00758
3406.59564,0.00772
3404.53479,0.00787
3402.47393,0.00789
3400.41307,0.00781
3398.35222,0.00781
3396.29136,0.00784
3394.23050,0.00778
3392.16965,0.00775
3390.10879,0.00777
3388.04793,0.00769
3385.98708,0.00757
3383.92622,0.00756
3381.86536,0.00768
3379.80451,0.00789
3377.74365,0.00799
3375.68280,0.00789
3373.62194,0.00774
3371.56108,0.00762
3369.50023,0.00753
3367.43937,0.00747
3365.37851,0.00737
3363.31766,0.00732
3361.25680,0.00743
3359.19594,0.00771
3357.13509,0.00790
3355.07423,0.00784
3353.01338,0.00759
3350.95252,0.00736
3348.89166,0.00743
3346.83081,0.00762
3344.76995,0.00761
3342.70909,0.00753
3340.64824,0.00755
3338.58738,0.00755
3336.52652,0.00746
3334.46567,0.00744
3332.40481,0.00751
3330.34395,0.00762
3328.28310,0.00777
3326.22224,0.00782
3324.16139,0.00771
3322.10053,0.00765
3320.03967,0.00754
3317.97882,0.00733
3315.91796,0.00731
3313.85710,0.00740
3311.79625,0.00739
3309.73539,0.00740
3307.67453,0.00744
3305.61368,0.00751
3303.55282,0.00760
3301.49197,0.00761
3299.43111,0.00760
3297.37025,0.00756
3295.30940,0.00750
3293.24854,0.00759
3291.18768,0.00771
3289.12683,0.00759
3287.06597,0.00740
3285.00511,0.00733
3282.94426,0.00734
3280.88340,0.00744
3278.82254,0.00749
3276.76169,0.00746
3274.70083,0.00751
3272.63998,0.00758
3270.57912,0.00757
3268.51826,0.00755
3266.45741,0.00758
3264.39655,0.00770
3262.33569,0.00769
3260.27484,0.00756
3258.21398,0.00749
3256.15312,0.00750
3254.09227,0.00745
3252.03141,0.00737
3249.97055,0.00742
3247.90970,0.00751
3245.84884,0.00739
3243.78799,0.00721
3241.72713,0.00722
3239.66627,0.00736
3237.60542,0.00750
3235.54456,0.00752
3233.48370,0.00746
3231.42285,0.00752
3229.36199,0.00767
3227.30113,0.00775
3225.24028,0.00770
3223.17942,0.00758
3221.11857,0.00750
3219.05771,0.00742
3216.99685,0.00741
3214.93600,0.00750
3212.87514,0.00746
3210.81428,0.00740
3208.75343,0.00750
3206.69257,0.00754
3204.63171,0.00748
3202.57086,0.00748
3200.51000,0.00751
3198.44914,0.00755
3196.38829,0.00758
3194.32743,0.00758
3192.26658,0.00754
3190.20572,0.00753
3188.14486,0.00746
3186.08401,0.00726
3184.02315,0.00724
3181.96229,0.00737
3179.90144,0.00740
3177.84058,0.00743
3175.77972,0.00745
3173.71887,0.00735
3171.65801,0.00726
3169.59715,0.00740
3167.53630,0.00763
3165.47544,0.00776
3163.41459,0.00781
3161.35373,0.00778
3159.29287,0.00771
3157.23202,0.00761
3155.17116,0.00744
3153.11030,0.00728
3151.04945,0.00731
3148.98859,0.00739
3146.92773,0.00731
3144.86688,0.00718
3142.80602,0.00712
3140.74517,0.00710
3138.68431,0.00719
3136.62345,0.00734
3134.56260,0.00739
3132.50174,0.00746
3130.44088,0.00763
3128.38003,0.00774
3126.31917,0.00771
3124.25831,0.00756
3122.19746,0.00744
3120.13660,0.00744
3118.07574,0.00745
3116.01489,0.00738
3113.95403,0.00735
3111.89318,0.00742
3109.83232,0.00744
3107.77146,0.00739
3105.71061,0.00729
3103.64975,0.00715
3101.58889,0.00714
3099.52804,0.00726
3097.46718,0.00732
3095.40632,0.00736
3093.34547,0.00740
3091.28461,0.00727
3089.22376,0.00710
3087.16290,0.00715
3085.10204,0.00733
3083.04119,0.00739
3080.98033,0.00730
3078.91947,0.00717
3076.85862,0.00699
3074.79776,0.00687
3072.73690,0.00687
3070.67605,0.00688
3068.61519,0.00683
3066.55433,0.00684
3064.49348,0.00709
3062.43262,0.00742
3060.37177,0.00740
3058.31091,0.00705
3056.25005,0.00677
3054.18920,0.00676
3052.12834,0.00681
3050.06748,0.00678
3048.00663,0.00681
3045.94577,0.00692
3043.88491,0.00699
3041.82406,0.00698
3039.76320,0.00690
3037.70234,0.00675
3035.64149,0.00673
3033.58063,0.00683
3031.51978,0.00683
3029.45892,0.00677
3027.39806,0.00681
3025.33721,0.00686
3023.27635,0.00678
3021.21549,0.00673
3019.15464,0.00673
3017.09378,0.00665
3015.03292,0.00659
3012.97207,0.00665
3010.91121,0.00666
3008.85036,0.00652
3006.78950,0.00631
3004.72864,0.00610
3002.66779,0.00605
3000.60693,0.00622
2998.54607,0.00641
2996.48522,0.00646
2994.42436,0.00634
2992.36350,0.00619
2990.30265,0.00620
2988.24179,0.00633
2986.18093,0.00638
2984.12008,0.00633
2982.05922,0.00623
2979.99837,0.00598
2977.93751,0.00573
2975.87665,0.00570
2973.81580,0.00570
2971.75494,0.00546
2969.69408,0.00497
2967.63323,0.00445
2965.57237,0.00391
2963.51151,0.00328
2961.45066,0.00273
2959.38980,0.00240
2957.32894,0.00220
2955.26809,0.00217
2953.20723,0.00230
2951.14638,0.00240
2949.08552,0.00245
2947.02466,0.00236
2944.96381,0.00205
2942.90295,0.00151
2940.84209,0.00068
2938.78124,-0.00026
2936.72038,-0.00119
2934.65952,-0.00223
2932.59867,-0.00344
2930.53781,-0.00473
2928.47696,-0.00588
2926.41610,-0.00672
2924.35524,-0.00707
2922.29439,-0.00677
2920.23353,-0.00592
2918.17267,-0.00468
2916.11182,-0.00327
2914.05096,-0.00204
2911.99010,-0.00108
2909.92925,-0.00036
2907.86839,0.00016
2905.80753,0.00063
2903.74668,0.00113
2901.68582,0.00158
2899.62497,0.00192
2897.56411,0.00232
2895.50325,0.00279
2893.44240,0.00309
2891.38154,0.00322
2889.32068,0.00337
2887.25983,0.00358
2885.19897,0.00386
2883.13811,0.00417
2881.07726,0.00447
2879.01640,0.00460
2876.95555,0.00447
2874.89469,0.00429
2872.83383,0.00411
2870.77298,0.00394
2868.71212,0.00380
2866.65126,0.00358
2864.59041,0.00315
2862.52955,0.00258
2860.46869,0.00190
2858.40784,0.00098
2856.34698,-0.00009
2854.28612,-0.00088
2852.22527,-0.00100
2850.16441,-0.00037
2848.10356,0.00073
2846.04270,0.00193
2843.98184,0.00303
2841.92099,0.00395
2839.86013,0.00455
2837.79927,0.00482
2835.73842,0.00498
2833.67756,0.00510
2831.61670,0.00510
2829.55585,0.00504
2827.49499,0.00506
2825.43413,0.00506
2823.37328,0.00514
2821.31242,0.00529
2819.25157,0.00535
2817.19071,0.00542
2815.12985,0.00545
2813.06900,0.00538
2811.00814,0.00534
2808.94728,0.00533
2806.88643,0.00531
2804.82557,0.00533
2802.76471,0.00535
2800.70386,0.00541
2798.64300,0.00552
2796.58215,0.00552
2794.52129,0.00542
2792.46043,0.00545
2790.39958,0.00558
2788.33872,0.00560
2786.27786,0.00558
2784.21701,0.00563
2782.15615,0.00568
2780.09529,0.00570
2778.03444,0.00572
2775.97358,0.00566
2773.91272,0.00554
2771.85187,0.00548
2769.79101,0.00558
2767.73016,0.00570
2765.66930,0.00570
2763.60844,0.00557
2761.54759,0.00544
2759.48673,0.00540
2757.42587,0.00543
2755.36502,0.00545
2753.30416,0.00545
2751.24330,0.00547
2749.18245,0.00553
2747.12159,0.00554
2745.06073,0.00552
2742.99988,0.00545
2740.93902,0.00541
2738.87817,0.00549
2736.81731,0.00551
2734.75645,0.00542
2732.69560,0.00541
2730.63474,0.00549
2728.57388,0.00558
2726.51303,0.00561
2724.45217,0.00555
2722.39131,0.00548
2720.33046,0.00540
2718.26960,0.00533
2716.20875,0.00535
2714.14789,0.00540
2712.08703,0.00542
2710.02618,0.00548
2707.96532,0.00554
2705.90446,0.00549
2703.84361,0.00542
2701.78275,0.00547
2699.72189,0.00560
2697.66104,0.00565
2695.60018,0.00558
2693.53932,0.00549
2691.47847,0.00547
2689.41761,0.00547
2687.35676,0.00547
2685.29590,0.00550
2683.23504,0.00551
2681.17419,0.00557
2679.11333,0.00567
2677.05247,0.00577
2674.99162,0.00583
2672.93076,0.00580
2670.86990,0.00569
2668.80905,0.00560
2666.74819,0.00558
2664.68734,0.00566
2662.62648,0.00574
2660.56562,0.00575
2658.50477,0.00574
2656.44391,0.00581
2654.38305,0.00593
2652.32220,0.00604
2650.26134,0.00603
2648.20048,0.00597
2646.13963,0.00595
2644.07877,0.00593
2642.01791,0.00590
2639.95706,0.00595
2637.89620,0.00605
2635.83535,0.00617
2633.77449,0.00626
2631.71363,0.00628
2629.65278,0.00625
2627.59192,0.00622
2625.53106,0.00619
2623.47021,0.00608
2621.40935,0.00602
2619.34849,0.00622
2617.28764,0.00651
2615.22678,0.00667
2613.16592,0.00671
2611.10507,0.00666
2609.04421,0.00662
2606.98336,0.00670
2604.92250,0.00675
2602.86164,0.00661
2600.80079,0.00649
2598.73993,0.00660
2596.67907,0.00678
2594.61822,0.00678
2592.55736,0.00675
2590.49650,0.00689
2588.43565,0.00702
2586.37479,0.00704
2584.31394,0.00699
2582.25308,0.00687
2580.19222,0.00670
2578.13137,0.00656
2576.07051,0.00656
2574.00965,0.00656
2571.94880,0.00652
2569.88794,0.00653
2567.82708,0.00648
2565.76623,0.00641
2563.70537,0.00646
2561.64451,0.00640
2559.58366,0.00630
2557.52280,0.00648
2555.46195,0.00673
2553.40109,0.00691
2551.34023,0.00706
2549.27938,0.00721
2547.21852,0.00731
2545.15766,0.00720
2543.09681,0.00702
2541.03595,0.00702
2538.97509,0.00723
2536.91424,0.00765
2534.85338,0.00801
2532.79252,0.00810
2530.73167,0.00820
2528.67081,0.00847
2526.60996,0.00873
2524.54910,0.00901
2522.48824,0.00943
2520.42739,0.00990
2518.36653,0.01021
2516.30567,0.01017
2514.24482,0.00999
2512.18396,0.00996
2510.12310,0.01002
2508.06225,0.01008
2506.00139,0.01016
2503.94054,0.00998
2501.87968,0.00939
2499.81882,0.00880
2497.75797,0.00845
2495.69711,0.00813
2493.63625,0.00781
2491.57540,0.00761
2489.51454,0.00740
2487.45368,0.00706
2485.39283,0.00677
2483.33197,0.00665
2481.27111,0.00652
2479.21026,0.00640
2477.14940,0.00639
2475.08855,0.00652
2473.02769,0.00658
2470.96683,0.00640
2468.90598,0.00623
2466.84512,0.00611
2464.78426,0.00590
2462.72341,0.00575
2460.66255,0.00570
2458.60169,0.00569
2456.54084,0.00557
2454.47998,0.00538
2452.41913,0.00538
2450.35827,0.00559
2448.29741,0.00575
2446.23656,0.00572
2444.17570,0.00559
2442.11484,0.00551
2440.05399,0.00546
2437.99313,0.00538
2435.93227,0.00519
2433.87142,0.00506
2431.81056,0.00522
2429.74970,0.00536
2427.68885,0.00530
2425.62799,0.00527
2423.56714,0.00523
2421.50628,0.00514
2419.44542,0.00521
2417.38457,0.00535
2415.32371,0.00537
2413.26285,0.00533
2411.20200,0.00526
2409.14114,0.00517
2407.08028,0.00509
2405.01943,0.00497
2402.95857,0.00494
2400.89771,0.00498
2398.83686,0.00489
2396.77600,0.00482
2394.71515,0.00503
2392.65429,0.00531
2390.59343,0.00533
2388.53258,0.00513
2386.47172,0.00504
2384.41086,0.00510
2382.35001,0.00513
2380.28915,0.00518
2378.22829,0.00532
2376.16744,0.00528
2374.10658,0.00501
2372.04573,0.00493
2369.98487,0.00507
2367.92401,0.00507
2365.86316,0.00491
2363.80230,0.00484
2361.74144,0.00483
2359.68059,0.00485
2357.61973,0.00511
2355.55887,0.00540
2353.49802,0.00534
2351.43716,0.00523
2349.37630,0.00531
2347.31545,0.00536
2345.25459,0.00533
2343.19374,0.00545
2341.13288,0.00554
2339.07202,0.00536
2337.01117,0.00526
2334.95031,0.00532
2332.88945,0.00522
2330.82860,0.00496
2328.76774,0.00498
2326.70688,0.00557
2324.64603,0.00640
2322.58517,0.00688
2320.52431,0.00679
2318.46346,0.00650
2316.40260,0.00634
2314.34175,0.00630
2312.28089,0.00610
2310.22003,0.00567
2308.15918,0.00544
2306.09832,0.00560
2304.03746,0.00582
2301.97661,0.00578
2299.91575,0.00552
2297.85489,0.00533
2295.79404,0.00535
2293.73318,0.00556
2291.67233,0.00593
2289.61147,0.00625
2287.55061,0.00641
2285.48976,0.00653
2283.42890,0.00651
2281.36804,0.00633
2279.30719,0.00612
2277.24633,0.00596
2275.18547,0.00577
2273.12462,0.00543
2271.06376,0.00509
2269.00290,0.00510
2266.94205,0.00547
2264.88119,0.00579
2262.82034,0.00581
2260.75948,0.00573
2258.69862,0.00579
2256.63777,0.00591
2254.57691,0.00581
2252.51605,0.00564
2250.45520,0.00564
2248.39434,0.00559
2246.33348,0.00558
2244.27263,0.00574
2242.21177,0.00576
2240.15092,0.00562
2238.09006,0.00569
2236.02920,0.00559
2233.96835,0.00506
2231.90749,0.00503
2229.84663,0.00562
2227.78578,0.00602
2225.72492,0.00565
2223.66406,0.00510
2221.60321,0.00551
2219.54235,0.00628
2217.48149,0.00624
2215.42064,0.00588
2213.35978,0.00583
2211.29893,0.00579
2209.23807,0.00547
2207.17721,0.00481
2205.11636,0.00417
2203.05550,0.00399
2200.99464,0.00419
2198.93379,0.00471
2196.87293,0.00536
2194.81207,0.00565
2192.75122,0.00543
2190.69036,0.00480
2188.62950,0.00437
2186.56865,0.00467
2184.50779,0.00519
2182.44694,0.00545
2180.38608,0.00514
2178.32522,0.00428
2176.26437,0.00374
2174.20351,0.00375
2172.14265,0.00389
2170.08180,0.00494
2168.02094,0.00650
2165.96008,0.00681
2163.89923,0.00641
2161.83837,0.00623
2159.77752,0.00544
2157.71666,0.00392
2155.65580,0.00257
2153.59495,0.00209
2151.53409,0.00272
2149.47323,0.00353
2147.41238,0.00353
2145.35152,0.00337
2143.29066,0.00370
2141.22981,0.00419
2139.16895,0.00438
2137.10809,0.00432
2135.04724,0.00423
2132.98638,0.00404
2130.92553,0.00413
2128.86467,0.00462
2126.80381,0.00466
2124.74296,0.00428
2122.68210,0.00417
2120.62124,0.00422
2118.56039,0.00426
2116.49953,0.00448
2114.43867,0.00483
2112.37782,0.00498
2110.31696,0.00518
2108.25611,0.00551
2106.19525,0.00533
2104.13439,0.00506
2102.07354,0.00522
2100.01268,0.00530
2097.95182,0.00507
2095.89097,0.00482
2093.83011,0.00465
2091.76925,0.00461
2089.70840,0.00462
2087.64754,0.00459
2085.58668,0.00467
2083.52583,0.00495
2081.46497,0.00537
2079.40412,0.00560
2077.34326,0.00579
2075.28240,0.00604
2073.22155,0.00568
2071.16069,0.00524
2069.09983,0.00561
2067.03898,0.00586
2064.97812,0.00544
2062.91726,0.00506
2060.85641,0.00527
2058.79555,0.00603
2056.73469,0.00655
2054.67384,0.00632
2052.61298,0.00598
2050.55213,0.00602
2048.49127,0.00607
2046.43041,0.00630
2044.36956,0.00657
2042.30870,0.00597
2040.24784,0.00488
2038.18699,0.00401
2036.12613,0.00337
2034.06527,0.00342
2032.00442,0.00456
2029.94356,0.00556
2027.88271,0.00566
2025.82185,0.00571
2023.76099,0.00545
2021.70014,0.00442
2019.63928,0.00352
2017.57842,0.00342
2015.51757,0.00372
2013.45671,0.00420
2011.39585,0.00481
2009.33500,0.00506
2007.27414,0.00467
2005.21328,0.00422
2003.15243,0.00453
2001.09157,0.00511
1999.03072,0.00525
1996.96986,0.00515
1994.90900,0.00497
1992.84815,0.00497
1990.78729,0.00530
1988.72643,0.00593
1986.66558,0.00643
1984.60472,0.00603
1982.54386,0.00558
1980.48301,0.00611
1978.42215,0.00624
1976.36129,0.00507
1974.30044,0.00448
1972.23958,0.00494
1970.17873,0.00518
1968.11787,0.00507
1966.05701,0.00498
1963.99616,0.00480
1961.93530,0.00424
1959.87444,0.00366
1957.81359,0.00400
1955.75273,0.00502
1953.69187,0.00557
1951.63102,0.00533
1949.57016,0.00492
1947.50931,0.00504
1945.44845,0.00554
1943.38759,0.00545
1941.32674,0.00466
1939.26588,0.00433
1937.20502,0.00461
1935.14417,0.00468
1933.08331,0.00435
1931.02245,0.00419
1928.96160,0.00431
1926.90074,0.00441
1924.83988,0.00447
1922.77903,0.00451
1920.71817,0.00445
1918.65732,0.00443
1916.59646,0.00466
1914.53560,0.00491
1912.47475,0.00500
1910.41389,0.00510
1908.35303,0.00520
1906.29218,0.00521
1904.23132,0.00517
1902.17046,0.00517
1900.10961,0.00519
1898.04875,0.00520
1895.98790,0.00526
1893.92704,0.00521
1891.86618,0.00529
1889.80533,0.00564
1887.74447,0.00582
1885.68361,0.00566
1883.62276,0.00537
1881.56190,0.00524
1879.50104,0.00536
1877.44019,0.00534
1875.37933,0.00508
1873.31847,0.00492
1871.25762,0.00504
1869.19676,0.00526
1867.13591,0.00528
1865.07505,0.00509
1863.01419,0.00496
1860.95334,0.00496
1858.89248,0.00495
1856.83162,0.00487
1854.77077,0.00488
1852.70991,0.00507
1850.64905,0.00531
1848.58820,0.00536
1846.52734,0.00516
1844.46648,0.00504
1842.40563,0.00526
1840.34477,0.00542
1838.28392,0.00537
1836.22306,0.00529
1834.16220,0.00522
1832.10135,0.00522
1830.04049,0.00546
1827.97963,0.00582
1825.91878,0.00587
1823.85792,0.00567
1821.79706,0.00560
1819.73621,0.00571
1817.67535,0.00582
1815.61450,0.00591
1813.55364,0.00609
1811.49278,0.00647
1809.43193,0.00703
1807.37107,0.00761
1805.31021,0.00837
1803.24936,0.00943
1801.18850,0.01091
1799.12764,0.01253
1797.06679,0.01374
1795.00593,0.01424
1792.94507,0.01389
1790.88422,0.01278
1788.82336,0.01143
1786.76251,0.01007
1784.70165,0.00882
1782.64079,0.00804
1780.57994,0.00772
1778.51908,0.00743
1776.45822,0.00710
1774.39737,0.00697
1772.33651,0.00691
1770.27565,0.00676
1768.21480,0.00655
1766.15394,0.00630
1764.09308,0.00612
1762.03223,0.00602
1759.97137,0.00588
1757.91052,0.00565
1755.84966,0.00528
1753.78880,0.00478
1751.72795,0.00425
1749.66709,0.00371
1747.60623,0.00322
1745.54538,0.00292
1743.48452,0.00276
1741.42366,0.00272
1739.36281,0.00285
1737.30195,0.00309
1735.24110,0.00337
1733.18024,0.00369
1731.11938,0.00391
1729.05853,0.00407
1726.99767,0.00417
1724.93681,0.00427
1722.87596,0.00437
1720.81510,0.00436
1718.75424,0.00421
1716.69339,0.00410
1714.63253,0.00413
1712.57167,0.00423
1710.51082,0.00440
1708.44996,0.00458
1706.38911,0.00468
1704.32825,0.00475
1702.26739,0.00479
1700.20654,0.00485
1698.14568,0.00497
1696.08482,0.00518
1694.02397,0.00547
1691.96311,0.00561
1689.90225,0.00562
1687.84140,0.00566
1685.78054,0.00570
1683.71969,0.00578
1681.65883,0.00592
1679.59797,0.00594
1677.53712,0.00588
1675.47626,0.00589
1673.41540,0.00595
1671.35455,0.00594
1669.29369,0.00596
1667.23283,0.00603
1665.17198,0.00609
1663.11112,0.00620
1661.05026,0.00634
1658.98941,0.00650
1656.92855,0.00666
1654.86770,0.00687
1652.80684,0.00709
1650.74598,0.00707
1648.68513,0.00695
1646.62427,0.00688
1644.56341,0.00691
1642.50256,0.00694
1640.44170,0.00691
1638.38084,0.00679
1636.31999,0.00659
1634.25913,0.00653
1632.19827,0.00672
1630.13742,0.00687
1628.07656,0.00690
1626.01571,0.00683
1623.95485,0.00686
1621.89399,0.00700
1619.83314,0.00709
1617.77228,0.00715
1615.71142,0.00732
1613.65057,0.00746
1611.58971,0.00756
1609.52885,0.00768
1607.46800,0.00774
1605.40714,0.00790
1603.34629,0.00813
1601.28543,0.00835
1599.22457,0.00865
1597.16372,0.00907
1595.10286,0.00945
1593.04200,0.00983
1590.98115,0.01028
1588.92029,0.01070
1586.85943,0.01102
1584.79858,0.01132
1582.73772,0.01166
1580.67686,0.01198
1578.61601,0.01227
1576.55515,0.01263
1574.49430,0.01306
1572.43344,0.01330
1570.37258,0.01363
1568.31173,0.01419
1566.25087,0.01479
1564.19001,0.01529
1562.12916,0.01568
1560.06830,0.01640
1558.00744,0.01808
1555.94659,0.01941
1553.88573,0.02055
1551.82487,0.02221
1549.76402,0.02456
1547.70316,0.02719
1545.64231,0.02984
1543.58145,0.03302
1541.52059,0.03688
1539.45974,0.04223
1537.39888,0.04654
1535.33802,0.04970
1533.27717,0.05416
1531.21631,0.05911
1529.15545,0.06317
1527.09460,0.06758
1525.03374,0.07230
1522.97289,0.07708
1520.91203,0.08299
1518.85117,0.08840
1516.79032,0.09340
1514.72946,0.09840
1512.66860,0.10280
1510.60775,0.10687
1508.54689,0.11140
1506.48603,0.11876
1504.42518,0.12504
1502.36432,0.12867
1500.30346,0.13264
1498.24261,0.13787
1496.18175,0.14397
1494.12090,0.14900
1492.06004,0.15298
1489.99918,0.15832
1487.93833,0.16470
1485.87747,0.16986
1483.81661,0.17413
1481.75576,0.17854
1479.69490,0.18298
1477.63404,0.18714
1475.57319,0.19154
1473.51233,0.19666
1471.45148,0.20202
1469.39062,0.20568
1467.32976,0.20873
1465.26891,0.21342
1463.20805,0.21890
1461.14719,0.22275
1459.08634,0.22663
1457.02548,0.23402
1454.96462,0.24134
1452.90377,0.24580
1450.84291,0.25032
1448.78205,0.25602
1446.72120,0.26235
1444.66034,0.26808
1442.59949,0.27331
1440.53863,0.27811
1438.47777,0.28269
1436.41692,0.28916
1434.35606,0.29574
1432.29520,0.30110
1430.23435,0.30787
1428.17349,0.31554
1426.11263,0.32253
1424.05178,0.32984
1421.99092,0.33720
1419.93006,0.34593
1417.86921,0.35806
1415.80835,0.36891
1413.74750,0.37858
1411.68664,0.38960
1409.62578,0.40131
1407.56493,0.41141
1405.50407,0.41884
1403.44321,0.42263
1401.38236,0.42327
1399.32150,0.42373
1397.26064,0.42419
1395.19979,0.42227
1393.13893,0.41651
1391.07808,0.40745
1389.01722,0.39588
1386.95636,0.38211
1384.89551,0.36737
1382.83465,0.35248
1380.77379,0.33732
1378.71294,0.32232
1376.65208,0.30776
1374.59122,0.29293
1372.53037,0.27814
1370.46951,0.26434
1368.40865,0.25070
1366.34780,0.23765
1364.28694,0.22533
1362.22609,0.21255
1360.16523,0.20032
1358.10437,0.18941
1356.04352,0.17921
1353.98266,0.16953
1351.92180,0.16053
1349.86095,0.15218
1347.80009,0.14442
1345.73923,0.13733
1343.67838,0.13095
1341.61752,0.12499
1339.55666,0.11913
1337.49581,0.11358
1335.43495,0.10860
1333.37410,0.10403
1331.31324,0.09980
1329.25238,0.09587
1327.19153,0.09221
1325.13067,0.08891
1323.06981,0.08588
1321.00896,0.08295
1318.94810,0.08004
1316.88724,0.07732
1314.82639,0.07481
1312.76553,0.07238
1310.70468,0.06998
1308.64382,0.06771
1306.58296,0.06560
1304.52211,0.06359
1302.46125,0.06174
1300.40039,0.06007
1298.33954,0.05846
1296.27868,0.05690
1294.21782,0.05550
1292.15697,0.05415
1290.09611,0.05281
1288.03525,0.05147
1285.97440,0.05023
1283.91354,0.04924
1281.85269,0.04844
1279.79183,0.04758
1277.73097,0.04654
1275.67012,0.04550
1273.60926,0.04466
1271.54840,0.04390
1269.48755,0.04302
1267.42669,0.04217
1265.36583,0.04140
1263.30498,0.04071
1261.24412,0.04013
1259.18327,0.03965
1257.12241,0.03921
1255.06155,0.03876
1253.00070,0.03827
1250.93984,0.03777
1248.87898,0.03735
1246.81813,0.03699
1244.75727,0.03664
1242.69641,0.03633
1240.63556,0.03604
1238.57470,0.03579
1236.51384,0.03558
1234.45299,0.03524
1232.39213,0.03480
1230.33128,0.03445
1228.27042,0.03418
1226.20956,0.03395
1224.14871,0.03376
1222.08785,0.03356
1220.02699,0.03337
1217.96614,0.03322
1215.90528,0.03303
1213.84442,0.03280
1211.78357,0.03259
1209.72271,0.03248
1207.66185,0.03247
1205.60100,0.03238
1203.54014,0.03220
1201.47929,0.03209
1199.41843,0.03198
1197.35757,0.03188
1195.29672,0.03192
1193.23586,0.03205
1191.17500,0.03207
1189.11415,0.03194
1187.05329,0.03178
1184.99243,0.03176
1182.93158,0.03190
1180.87072,0.03203
1178.80987,0.03200
1176.74901,0.03183
1174.68815,0.03169
1172.62730,0.03160
1170.56644,0.03150
1168.50558,0.03134
1166.44473,0.03121
1164.38387,0.03121
1162.32301,0.03129
1160.26216,0.03123
1158.20130,0.03103
1156.14044,0.03083
1154.07959,0.03060
1152.01873,0.03031
1149.95788,0.03018
1147.89702,0.03016
1145.83616,0.03001
1143.77531,0.02979
1141.71445,0.02972
1139.65359,0.02975
1137.59274,0.02969
1135.53188,0.02951
1133.47102,0.02931
1131.41017,0.02916
1129.34931,0.02907
1127.28845,0.02892
1125.22760,0.02868
1123.16674,0.02851
1121.10589,0.02839
1119.04503,0.02833
1116.98417,0.02835
1114.92332,0.02835
1112.86246,0.02822
1110.80160,0.02812
1108.74075,0.02812
1106.67989,0.02814
1104.61903,0.02816
1102.55818,0.02811
1100.49732,0.02806
1098.43647,0.02823
1096.37561,0.02871
1094.31475,0.02933
1092.25390,0.02984
1090.19304,0.03023
1088.13218,0.03070
1086.07133,0.03113
1084.01047,0.03131
1081.94961,0.03129
1079.88876,0.03113
1077.82790,0.03084
1075.76704,0.03040
1073.70619,0.02997
1071.64533,0.02971
1069.58448,0.02945
1067.52362,0.02909
1065.46276,0.02878
1063.40191,0.02872
1061.34105,0.02881
1059.28019,0.02891
1057.21934,0.02883
1055.15848,0.02857
1053.09762,0.02833
1051.03677,0.02818
1048.97591,0.02809
1046.91506,0.02805
1044.85420,0.02806
1042.79334,0.02812
1040.73249,0.02808
1038.67163,0.02791
1036.61077,0.02771
1034.54992,0.02761
1032.48906,0.02770
1030.42820,0.02791
1028.36735,0.02809
1026.30649,0.02818
1024.24563,0.02814
1022.18478,0.02808
1020.12392,0.02812
1018.06307,0.02819
1016.00221,0.02823
1013.94135,0.02825
1011.88050,0.02815
1009.81964,0.02796
1007.75878,0.02784
1005.69793,0.02775
1003.63707,0.02760
1001.57621,0.02747
999.51536,0.02734
997.45450,0.02721
995.39364,0.02705
993.33279,0.02680
991.27193,0.02667
989.21108,0.02664
987.15022,0.02638
985.08936,0.02609
983.02851,0.02601
980.96765,0.02590
978.90679,0.02566
976.84594,0.02549
974.78508,0.02536
972.72422,0.02521
970.66337,0.02511
968.60251,0.02513
966.54166,0.02509
964.48080,0.02487
962.41994,0.02461
960.35909,0.02434
958.29823,0.02422
956.23737,0.02433
954.17652,0.02439
952.11566,0.02429
950.05480,0.02422
947.99395,0.02422
945.93309,0.02411
943.87223,0.02393
941.81138,0.02378
939.75052,0.02371
937.68967,0.02367
935.62881,0.02353
933.56795,0.02335
931.50710,0.02321
929.44624,0.02305
927.38538,0.02273
925.32453,0.02243
923.26367,0.02235
921.20281,0.02228
919.14196,0.02204
917.08110,0.02185
915.02024,0.02170
912.95939,0.02142
910.89853,0.02108
908.83768,0.02081
906.77682,0.02076
904.71596,0.02068
902.65511,0.02041
900.59425,0.02019
898.53339,0.01998
896.47254,0.01964
894.41168,0.01938
892.35082,0.01945
890.28997,0.02013
888.22911,0.02272
886.16826,0.03088
884.10740,0.04983
882.04654,0.08276
879.98569,0.12857
877.92483,0.18196
875.86397,0.23570
873.80312,0.27944
871.74226,0.28657
869.68140,0.23718
867.62055,0.16589
865.55969,0.11384
863.49883,0.08567
861.43798,0.07089
859.37712,0.06233
857.31627,0.05629
855.25541,0.05103
853.19455,0.04673
851.13370,0.04505
849.07284,0.04575
847.01198,0.04477
844.95113,0.04083
842.89027,0.03727
840.82941,0.03530
838.76856,0.03407
836.70770,0.03328
834.64685,0.03278
832.58599,0.03239
830.52513,0.03198
828.46428,0.03157
826.40342,0.03130
824.34256,0.03108
822.28171,0.03072
820.22085,0.03043
818.15999,0.03036
816.09914,0.03042
814.03828,0.03032
811.97742,0.03020
809.91657,0.03050
807.85571,0.03079
805.79486,0.03049
803.73400,0.03008
801.67314,0.03003
799.61229,0.03009
797.55143,0.03014
795.49057,0.03038
793.42972,0.03063
791.36886,0.03067
789.30800,0.03055
787.24715,0.03036
785.18629,0.03031
783.12543,0.03051
781.06458,0.03068
779.00372,0.03070
776.94287,0.03080
774.88201,0.03087
772.82115,0.03065
770.76030,0.03042
768.69944,0.03038
766.63858,0.03036
764.57773,0.03035
762.51687,0.03023
760.45601,0.02993
758.39516,0.02969
756.33430,0.02965
754.27345,0.02954
752.21259,0.02933
750.15173,0.02936
748.09088,0.02976
746.03002,0.03012
743.96916,0.03018
741.90831,0.02998
739.84745,0.02969
737.78659,0.02979
735.72574,0.03014
733.66488,0.03034
731.60402,0.03043
729.54317,0.03029
727.48231,0.03010
725.42146,0.03056
723.36060,0.03200
721.29974,0.03498
719.23889,0.04135
717.17803,0.05392
715.11717,0.07298
713.05632,0.08864
710.99546,0.08725
708.93460,0.07249
706.87375,0.05828
704.81289,0.04986
702.75204,0.04544
700.69118,0.04283
698.63032,0.04100
696.56947,0.03970
694.50861,0.03861
692.44775,0.03747
690.38690,0.03662
688.32604,0.03619
686.26518,0.03604
684.20433,0.03621
682.14347,0.03624
680.08261,0.03588
678.02176,0.03562
675.96090,0.03556
673.90005,0.03537
671.83919,0.03513
669.77833,0.03508
667.71748,0.03482
665.65662,0.03428
663.59576,0.03407
661.53491,0.03422
659.47405,0.03451
657.41319,0.03459
655.35234,0.03452
653.29148,0.03457
651.23062,0.03469
649.16977,0.03489
647.10891,0.03506
645.04806,0.03483
642.98720,0.03434
640.92634,0.03417
638.86549,0.03428
636.80463,0.03444
634.74377,0.03434
632.68292,0.03362
630.62206,0.03301
628.56120,0.03329
626.50035,0.03387
624.43949,0.03406
622.37864,0.03391
620.31778,0.03369
618.25692,0.03360
616.19607,0.03350
614.13521,0.03318
612.07435,0.03302
610.01350,0.03302
607.95264,0.03296
605.89178,0.03313
603.83093,0.03347
601.77007,0.03390
599.70921,0.03435
597.64836,0.03461
595.58750,0.03470
593.52665,0.03459
591.46579,0.03445
589.40493,0.03438
587.34408,0.03427
585.28322,0.03413
583.22236,0.03385
581.16151,0.03387
579.10065,0.03457
577.03979,0.03486
574.97894,0.03443
572.91808,0.03422
570.85722,0.03446
568.79637,0.03471
566.73551,0.03448
564.67466,0.03419
562.61380,0.03439
560.55294,0.03486
558.49209,0.03501
556.43123,0.03477
554.37037,0.03486
552.30952,0.03550
550.24866,0.03594
548.18780,0.03577
546.12695,0.03530
544.06609,0.03482
542.00524,0.03491
539.94438,0.03538
537.88352,0.03540
535.82267,0.03517
533.76181,0.03536
531.70095,0.03620
529.64010,0.03710
527.57924,0.03721
525.51838,0.03654
523.45753,0.03567
521.39667,0.03533
519.33581,0.03598
517.27496,0.03711
515.21410,0.03791
513.15325,0.03841
511.09239,0.03861
509.03153,0.03824
506.97068,0.03770
504.90982,0.03723
502.84896,0.03680
500.78811,0.03728
498.72725,0.03835
496.66639,0.03897
494.60554,0.03941
492.54468,0.04031
490.48383,0.04142
488.42297,0.04178
486.36211,0.04149
484.30126,0.04155
482.24040,0.04188
480.17954,0.04202
478.11869,0.04184
476.05783,0.04181
473.99697,0.04291
471.93612,0.04442
469.87526,0.04476
467.81440,0.04434
465.75355,0.04441
463.69269,0.04499
461.63184,0.04500
459.57098,0.04467
457.51012,0.04493
455.44927,0.04513
453.38841,0.04549
451.32755,0.04629
449.26670,0.04631
447.20584,0.04586
445.14498,0.04621
443.08413,0.04761
441.02327,0.04912
438.96241,0.05016
436.90156,0.05077
434.84070,0.05049
432.77985,0.04999
430.71899,0.05042
428.65813,0.05168
426.59728,0.05325
424.53642,0.05448
422.47556,0.05456
420.41471,0.05474
418.35385,0.05675
416.29299,0.05850
414.23214,0.05912
412.17128,0.05955
410.11043,0.05997
408.04957,0.06067
405.98871,0.06164
403.92786,0.06194
401.86700,0.06183
399.80614,0.06365
