3996.00057,0.00910
3993.93972,0.00917
3991.87886,0.00924
3989.81801,0.00912
3987.75715,0.00891
3985.69629,0.00880
3983.63544,0.00882
3981.57458,0.00880
3979.51372,0.00879
3977.45287,0.00894
3975.39201,0.00910
3973.33115,0.00914
3971.27030,0.00922
3969.20944,0.00930
3967.14858,0.00926
3965.08773,0.00921
3963.02687,0.00911
3960.96602,0.00889
3958.90516,0.00868
3956.84430,0.00861
3954.78345,0.00873
3952.72259,0.00901
3950.66173,0.00930
3948.60088,0.00939
3946.54002,0.00932
3944.47916,0.00923
3942.41831,0.00923
3940.35745,0.00913
3938.29659,0.00896
3936.23574,0.00896
3934.17488,0.00902
3932.11403,0.00910
3930.05317,0.00929
3927.99231,0.00930
3925.93146,0.00927
3923.87060,0.00941
3921.80974,0.00953
3919.74889,0.00949
3917.68803,0.00934
3915.62717,0.00919
3913.56632,0.00918
3911.50546,0.00923
3909.44461,0.00922
3907.38375,0.00913
3905.32289,0.00921
3903.26204,0.00949
3901.20118,0.00954
3899.14032,0.00935
3897.07947,0.00923
3895.01861,0.00925
3892.95775,0.00940
3890.89690,0.00954
3888.83604,0.00948
3886.77518,0.00937
3884.71433,0.00928
3882.65347,0.00913
3880.59262,0.00913
3878.53176,0.00914
3876.47090,0.00900
3874.41005,0.00908
3872.34919,0.00938
3870.28833,0.00965
3868.22748,0.00952
3866.16662,0.00909
3864.10576,0.00899
3862.04491,0.00912
3859.98405,0.00926
3857.92320,0.00947
3855.86234,0.00951
3853.80148,0.00948
3851.74063,0.00958
3849.67977,0.00946
3847.61891,0.00926
3845.55806,0.00921
3843.49720,0.00935
3841.43634,0.00957
3839.37549,0.00970
3837.31463,0.00962
3835.25377,0.00946
3833.19292,0.00939
3831.13206,0.00936
3829.07121,0.00923
3827.01035,0.00905
3824.94949,0.00891
3822.88864,0.00890
3820.82778,0.00925
3818.76692,0.00956
3816.70607,0.00962
3814.64521,0.00959
3812.58435,0.00926
3810.52350,0.00890
3808.46264,0.00883
3806.40178,0.00894
3804.34093,0.00903
3802.28007,0.00927
3800.21922,0.00958
3798.15836,0.00952
3796.09750,0.00931
3794.03665,0.00924
3791.97579,0.00926
3789.91493,0.00914
3787.85408,0.00892
3785.79322,0.00883
3783.73236,0.00887
3781.67151,0.00898
3779.61065,0.00918
3777.54980,0.00927
3775.48894,0.00916
3773.42808,0.00900
3771.36723,0.00892
3769.30637,0.00893
3767.24551,0.00895
3765.18466,0.00909
3763.12380,0.00926
3761.06294,0.00928
3759.00209,0.00938
3756.94123,0.00950
3754.88037,0.00948
3752.81952,0.00955
3750.75866,0.00981
3748.69781,0.00976
3746.63695,0.00939
3744.57609,0.00923
3742.51524,0.00927
3740.45438,0.00926
3738.39352,0.00939
3736.33267,0.00972
3734.27181,0.00981
3732.21095,0.00947
3730.15010,0.00918
3728.08924,0.00918
3726.02839,0.00926
3723.96753,0.00913
3721.90667,0.00894
3719.84582,0.00897
3717.78496,0.00906
3715.72410,0.00903
3713.66325,0.00907
3711.60239,0.00918
3709.54153,0.00919
3707.48068,0.00917
3705.41982,0.00896
3703.35896,0.00867
3701.29811,0.00866
3699.23725,0.00876
3697.17640,0.00881
3695.11554,0.00891
3693.05468,0.00898
3690.99383,0.00906
3688.93297,0.00931
3686.87211,0.00944
3684.81126,0.00930
3682.75040,0.00918
3680.68954,0.00915
3678.62869,0.00911
3676.56783,0.00945
3674.50697,0.00999
3672.44612,0.00985
3670.38526,0.00960
3668.32441,0.00952
3666.26355,0.00931
3664.20269,0.00913
3662.14184,0.00911
3660.08098,0.00916
3658.02012,0.00924
3655.95927,0.00931
3653.89841,0.00931
3651.83755,0.00940
3649.77670,0.00972
3647.71584,0.00996
3645.65499,0.00978
3643.59413,0.00951
3641.53327,0.00936
3639.47242,0.00927
3637.41156,0.00913
3635.35070,0.00910
3633.28985,0.00925
3631.22899,0.00947
3629.16813,0.00970
3627.10728,0.00963
3625.04642,0.00937
3622.98556,0.00921
3620.92471,0.00926
3618.86385,0.00943
3616.80300,0.00948
3614.74214,0.00964
3612.68128,0.00976
3610.62043,0.00958
3608.55957,0.00941
3606.49871,0.00943
3604.43786,0.00933
3602.37700,0.00912
3600.31614,0.00898
3598.25529,0.00888
3596.19443,0.00888
3594.13357,0.00904
3592.07272,0.00930
3590.01186,0.00949
3587.95101,0.00938
3585.89015,0.00910
3583.82929,0.00904
3581.76844,0.00920
3579.70758,0.00941
3577.64672,0.00946
3575.58587,0.00921
3573.52501,0.00897
3571.46415,0.00884
3569.40330,0.00868
3567.34244,0.00882
3565.28159,0.00915
3563.22073,0.00916
3561.15987,0.00905
3559.09902,0.00910
3557.03816,0.00926
3554.97730,0.00937
3552.91645,0.00954
3550.85559,0.00967
3548.79473,0.00956
3546.73388,0.00937
3544.67302,0.00918
3542.61216,0.00900
3540.55131,0.00885
3538.49045,0.00873
3536.42960,0.00872
3534.36874,0.00890
3532.30788,0.00924
3530.24703,0.00956
3528.18617,0.00970
3526.12531,0.00962
3524.06446,0.00942
3522.00360,0.00917
3519.94274,0.00898
3517.88189,0.00890
3515.82103,0.00903
3513.76018,0.00941
3511.69932,0.00966
3509.63846,0.00954
3507.57761,0.00940
3505.51675,0.00940
3503.45589,0.00939
3501.39504,0.00928
3499.33418,0.00918
3497.27332,0.00908
3495.21247,0.00895
3493.15161,0.00889
3491.09075,0.00891
3489.02990,0.00899
3486.96904,0.00907
3484.90819,0.00908
3482.84733,0.00907
3480.78647,0.00905
3478.72562,0.00900
3476.66476,0.00900
3474.60390,0.00902
3472.54305,0.00901
3470.48219,0.00909
3468.42133,0.00913
3466.36048,0.00898
3464.29962,0.00885
3462.23876,0.00888
3460.17791,0.00895
3458.11705,0.00887
3456.05620,0.00877
3453.99534,0.00888
3451.93448,0.00908
3449.87363,0.00918
3447.81277,0.00915
3445.75191,0.00903
3443.69106,0.00891
3441.63020,0.00886
3439.56934,0.00891
3437.50849,0.00887
3435.44763,0.00870
3433.38678,0.00864
3431.32592,0.00874
3429.26506,0.00893
3427.20421,0.00914
3425.14335,0.00921
3423.08249,0.00919
3421.02164,0.00917
3418.96078,0.00906
3416.89992,0.00896
3414.83907,0.00898
3412.77821,0.00890
3410.71735,0.00880
3408.65650,0.00888
3406.59564,0.00909
3404.53479,0.00922
3402.47393,0.00919
3400.41307,0.00906
3398.35222,0.00898
3396.29136,0.00903
3394.23050,0.00907
3392.16965,0.00904
3390.10879,0.00903
3388.04793,0.00905
3385.98708,0.00917
3383.92622,0.00940
3381.86536,0.00949
3379.80451,0.00947
3377.74365,0.00946
3375.68280,0.00942
3373.62194,0.00930
3371.56108,0.00907
3369.50023,0.00887
3367.43937,0.00880
3365.37851,0.00882
3363.31766,0.00892
3361.25680,0.00910
3359.19594,0.00929
3357.13509,0.00946
3355.07423,0.00943
3353.01338,0.00928
3350.95252,0.00925
3348.89166,0.00922
3346.83081,0.00911
3344.76995,0.00906
3342.70909,0.00908
3340.64824,0.00907
3338.58738,0.00906
3336.52652,0.00905
3334.46567,0.00913
3332.40481,0.00922
3330.34395,0.00914
3328.28310,0.00900
3326.22224,0.00895
3324.16139,0.00906
3322.10053,0.00926
3320.03967,0.00923
3317.97882,0.00899
3315.91796,0.00883
3313.85710,0.00886
3311.79625,0.00894
3309.73539,0.00897
3307.67453,0.00902
3305.61368,0.00923
3303.55282,0.00952
3301.49197,0.00955
3299.43111,0.00926
3297.37025,0.00904
3295.30940,0.00909
3293.24854,0.00921
3291.18768,0.00923
3289.12683,0.00911
3287.06597,0.00890
3285.00511,0.00872
3282.94426,0.00872
3280.88340,0.00881
3278.82254,0.00887
3276.76169,0.00894
3274.70083,0.00896
3272.63998,0.00884
3270.57912,0.00877
3268.51826,0.00880
3266.45741,0.00888
3264.39655,0.00906
3262.33569,0.00932
3260.27484,0.00953
3258.21398,0.00953
3256.15312,0.00936
3254.09227,0.00914
3252.03141,0.00901
3249.97055,0.00903
3247.90970,0.00916
3245.84884,0.00928
3243.78799,0.00929
3241.72713,0.00914
3239.66627,0.00899
3237.60542,0.00902
3235.54456,0.00909
3233.48370,0.00902
3231.42285,0.00885
3229.36199,0.00881
3227.30113,0.00894
3225.24028,0.00907
3223.17942,0.00914
3221.11857,0.00916
3219.05771,0.00911
3216.99685,0.00887
3214.93600,0.00857
3212.87514,0.00852
3210.81428,0.00874
3208.75343,0.00888
3206.69257,0.00888
3204.63171,0.00878
3202.57086,0.00862
3200.51000,0.00865
3198.44914,0.00882
3196.38829,0.00897
3194.32743,0.00902
3192.26658,0.00902
3190.20572,0.00910
3188.14486,0.00919
3186.08401,0.00921
3184.02315,0.00906
3181.96229,0.00886
3179.90144,0.00884
3177.84058,0.00889
3175.77972,0.00881
3173.71887,0.00871
3171.65801,0.00881
3169.59715,0.00898
3167.53630,0.00898
3165.47544,0.00893
3163.41459,0.00892
3161.35373,0.00889
3159.29287,0.00880
3157.23202,0.00874
3155.17116,0.00878
3153.11030,0.00872
3151.04945,0.00860
3148.98859,0.00870
3146.92773,0.00888
3144.86688,0.00902
3142.80602,0.00916
3140.74517,0.00920
3138.68431,0.00907
3136.62345,0.00880
3134.56260,0.00854
3132.50174,0.00852
3130.44088,0.00860
3128.38003,0.00864
3126.31917,0.00871
3124.25831,0.00880
3122.19746,0.00891
3120.13660,0.00901
3118.07574,0.00899
3116.01489,0.00893
3113.95403,0.00900
3111.89318,0.00904
3109.83232,0.00890
3107.77146,0.00871
3105.71061,0.00863
3103.64975,0.00858
3101.58889,0.00851
3099.52804,0.00858
3097.46718,0.00873
3095.40632,0.00881
3093.34547,0.00884
3091.28461,0.00887
3089.22376,0.00892
3087.16290,0.00891
3085.10204,0.00883
3083.04119,0.00875
3080.98033,0.00873
3078.91947,0.00874
3076.85862,0.00862
3074.79776,0.00846
3072.73690,0.00848
3070.67605,0.00862
3068.61519,0.00865
3066.55433,0.00868
3064.49348,0.00872
3062.43262,0.00870
3060.37177,0.00870
3058.31091,0.00876
3056.25005,0.00878
3054.18920,0.00866
3052.12834,0.00853
3050.06748,0.00859
3048.00663,0.00864
3045.94577,0.00848
3043.88491,0.00833
3041.82406,0.00838
3039.76320,0.00849
3037.70234,0.00859
3035.64149,0.00872
3033.58063,0.00881
3031.51978,0.00875
3029.45892,0.00852
3027.39806,0.00837
3025.33721,0.00846
3023.27635,0.00855
3021.21549,0.00845
3019.15464,0.00832
3017.09378,0.00830
3015.03292,0.00834
3012.97207,0.00842
3010.91121,0.00850
3008.85036,0.00850
3006.78950,0.00836
3004.72864,0.00834
3002.66779,0.00851
3000.60693,0.00854
2998.54607,0.00841
2996.48522,0.00839
2994.42436,0.00853
2992.36350,0.00863
2990.30265,0.00860
2988.24179,0.00859
2986.18093,0.00870
2984.12008,0.00889
2982.05922,0.00896
2979.99837,0.00887
2977.93751,0.00881
2975.87665,0.00877
2973.81580,0.00858
2971.75494,0.00823
2969.69408,0.00794
2967.63323,0.00786
2965.57237,0.00788
2963.51151,0.00789
2961.45066,0.00790
2959.38980,0.00787
2957.32894,0.00772
2955.26809,0.00768
2953.20723,0.00780
2951.14638,0.00782
2949.08552,0.00778
2947.02466,0.00779
2944.96381,0.00771
2942.90295,0.00743
2940.84209,0.00711
2938.78124,0.00692
2936.72038,0.00683
2934.65952,0.00665
2932.59867,0.00634
2930.53781,0.00604
2928.47696,0.00577
2926.41610,0.00548
2924.35524,0.00524
2922.29439,0.00521
2920.23353,0.00550
2918.17267,0.00599
2916.11182,0.00643
2914.05096,0.00667
2911.99010,0.00684
2909.92925,0.00704
2907.86839,0.00722
2905.80753,0.00727
2903.74668,0.00734
2901.68582,0.00748
2899.62497,0.00754
2897.56411,0.00759
2895.50325,0.00775
2893.44240,0.00786
2891.38154,0.00789
2889.32068,0.00800
2887.25983,0.00820
2885.19897,0.00829
2883.13811,0.00828
2881.07726,0.00837
2879.01640,0.00851
2876.95555,0.00857
2874.89469,0.00858
2872.83383,0.00852
2870.77298,0.00844
2868.71212,0.00836
2866.65126,0.00827
2864.59041,0.00819
2862.52955,0.00812
2860.46869,0.00799
2858.40784,0.00767
2856.34698,0.00718
2854.28612,0.00680
2852.22527,0.00670
2850.16441,0.00683
2848.10356,0.00714
2846.04270,0.00751
2843.98184,0.00782
2841.92099,0.00804
2839.86013,0.00823
2837.79927,0.00833
2835.73842,0.00836
2833.67756,0.00833
2831.61670,0.00824
2829.55585,0.00823
2827.49499,0.00826
2825.43413,0.00823
2823.37328,0.00821
2821.31242,0.00829
2819.25157,0.00839
2817.19071,0.00840
2815.12985,0.00836
2813.06900,0.00827
2811.00814,0.00817
2808.94728,0.00813
2806.88643,0.00807
2804.82557,0.00800
2802.76471,0.00796
2800.70386,0.00793
2798.64300,0.00800
2796.58215,0.00811
2794.52129,0.00814
2792.46043,0.00805
2790.39958,0.00800
2788.33872,0.00807
2786.27786,0.00815
2784.21701,0.00818
2782.15615,0.00822
2780.09529,0.00818
2778.03444,0.00809
2775.97358,0.00811
2773.91272,0.00820
2771.85187,0.00825
2769.79101,0.00825
2767.73016,0.00815
2765.66930,0.00796
2763.60844,0.00783
2761.54759,0.00783
2759.48673,0.00790
2757.42587,0.00792
2755.36502,0.00787
2753.30416,0.00784
2751.24330,0.00791
2749.18245,0.00803
2747.12159,0.00814
2745.06073,0.00820
2742.99988,0.00812
2740.93902,0.00802
2738.87817,0.00806
2736.81731,0.00812
2734.75645,0.00812
2732.69560,0.00808
2730.63474,0.00798
2728.57388,0.00792
2726.51303,0.00795
2724.45217,0.00799
2722.39131,0.00798
2720.33046,0.00797
2718.26960,0.00794
2716.20875,0.00792
2714.14789,0.00796
2712.08703,0.00801
2710.02618,0.00800
2707.96532,0.00795
2705.90446,0.00787
2703.84361,0.00781
2701.78275,0.00783
2699.72189,0.00791
2697.66104,0.00795
2695.60018,0.00797
2693.53932,0.00802
2691.47847,0.00803
2689.41761,0.00794
2687.35676,0.00783
2685.29590,0.00785
2683.23504,0.00796
2681.17419,0.00804
2679.11333,0.00797
2677.05247,0.00781
2674.99162,0.00777
2672.93076,0.00775
2670.86990,0.00771
2668.80905,0.00771
2666.74819,0.00771
2664.68734,0.00775
2662.62648,0.00786
2660.56562,0.00797
2658.50477,0.00811
2656.44391,0.00823
2654.38305,0.00827
2652.32220,0.00826
2650.26134,0.00827
2648.20048,0.00826
2646.13963,0.00817
2644.07877,0.00806
2642.01791,0.00807
2639.95706,0.00814
2637.89620,0.00813
2635.83535,0.00808
2633.77449,0.00805
2631.71363,0.00811
2629.65278,0.00816
2627.59192,0.00806
2625.53106,0.00796
2623.47021,0.00792
2621.40935,0.00787
2619.34849,0.00791
2617.28764,0.00813
2615.22678,0.00841
2613.16592,0.00848
2611.10507,0.00829
2609.04421,0.00812
2606.98336,0.00819
2604.92250,0.00843
2602.86164,0.00861
2600.80079,0.00865
2598.73993,0.00856
2596.67907,0.00836
2594.61822,0.00811
2592.55736,0.00807
2590.49650,0.00830
2588.43565,0.00863
2586.37479,0.00867
2584.31394,0.00838
2582.25308,0.00821
2580.19222,0.00828
2578.13137,0.00834
2576.07051,0.00829
2574.00965,0.00817
2571.94880,0.00816
2569.88794,0.00827
2567.82708,0.00833
2565.76623,0.00822
2563.70537,0.00797
2561.64451,0.00781
2559.58366,0.00787
2557.52280,0.00791
2555.46195,0.00784
2553.40109,0.00772
2551.34023,0.00762
2549.27938,0.00757
2547.21852,0.00767
2545.15766,0.00799
2543.09681,0.00827
2541.03595,0.00833
2538.97509,0.00835
2536.91424,0.00851
2534.85338,0.00873
2532.79252,0.00896
2530.73167,0.00922
2528.67081,0.00938
2526.60996,0.00930
2524.54910,0.00931
2522.48824,0.00959
2520.42739,0.00992
2518.36653,0.01011
2516.30567,0.01026
2514.24482,0.01056
2512.18396,0.01073
2510.12310,0.01058
2508.06225,0.01044
2506.00139,0.01034
2503.94054,0.01003
2501.87968,0.00976
2499.81882,0.00962
2497.75797,0.00941
2495.69711,0.00916
2493.63625,0.00898
2491.57540,0.00875
2489.51454,0.00843
2487.45368,0.00826
2485.39283,0.00833
2483.33197,0.00839
2481.27111,0.00833
2479.21026,0.00827
2477.14940,0.00813
2475.08855,0.00801
2473.02769,0.00807
2470.96683,0.00822
2468.90598,0.00822
2466.84512,0.00793
2464.78426,0.00759
2462.72341,0.00744
2460.66255,0.00745
2458.60169,0.00765
2456.54084,0.00803
2454.47998,0.00818
2452.41913,0.00790
2450.35827,0.00769
2448.29741,0.00768
2446.23656,0.00753
2444.17570,0.00739
2442.11484,0.00752
2440.05399,0.00758
2437.99313,0.00736
2435.93227,0.00720
2433.87142,0.00723
2431.81056,0.00715
2429.74970,0.00703
2427.68885,0.00711
2425.62799,0.00722
2423.56714,0.00722
2421.50628,0.00724
2419.44542,0.00724
2417.38457,0.00726
2415.32371,0.00729
2413.26285,0.00729
2411.20200,0.00731
2409.14114,0.00718
2407.08028,0.00696
2405.01943,0.00702
2402.95857,0.00720
2400.89771,0.00724
2398.83686,0.00720
2396.77600,0.00711
2394.71515,0.00693
2392.65429,0.00681
2390.59343,0.00696
2388.53258,0.00719
2386.47172,0.00724
2384.41086,0.00717
2382.35001,0.00710
2380.28915,0.00695
2378.22829,0.00671
2376.16744,0.00666
2374.10658,0.00686
2372.04573,0.00704
2369.98487,0.00705
2367.92401,0.00683
2365.86316,0.00656
2363.80230,0.00647
2361.74144,0.00658
2359.68059,0.00659
2357.61973,0.00639
2355.55887,0.00630
2353.49802,0.00651
2351.43716,0.00694
2349.37630,0.00729
2347.31545,0.00729
2345.25459,0.00704
2343.19374,0.00691
2341.13288,0.00689
2339.07202,0.00681
2337.01117,0.00691
2334.95031,0.00711
2332.88945,0.00708
2330.82860,0.00693
2328.76774,0.00710
2326.70688,0.00770
2324.64603,0.00831
2322.58517,0.00850
2320.52431,0.00827
2318.46346,0.00781
2316.40260,0.00739
2314.34175,0.00728
2312.28089,0.00739
2310.22003,0.00748
2308.15918,0.00754
2306.09832,0.00760
2304.03746,0.00759
2301.97661,0.00758
2299.91575,0.00766
2297.85489,0.00777
2295.79404,0.00783
2293.73318,0.00791
2291.67233,0.00802
2289.61147,0.00803
2287.55061,0.00805
2285.48976,0.00809
2283.42890,0.00772
2281.36804,0.00730
2279.30719,0.00722
2277.24633,0.00706
2275.18547,0.00692
2273.12462,0.00700
2271.06376,0.00703
2269.00290,0.00703
2266.94205,0.00722
2264.88119,0.00732
2262.82034,0.00723
2260.75948,0.00743
2258.69862,0.00763
2256.63777,0.00721
2254.57691,0.00668
2252.51605,0.00673
2250.45520,0.00695
2248.39434,0.00669
2246.33348,0.00617
2244.27263,0.00603
2242.21177,0.00636
2240.15092,0.00667
2238.09006,0.00667
2236.02920,0.00677
2233.96835,0.00706
2231.90749,0.00717
2229.84663,0.00722
2227.78578,0.00734
2225.72492,0.00703
2223.66406,0.00616
2221.60321,0.00551
2219.54235,0.00571
2217.48149,0.00638
2215.42064,0.00667
2213.35978,0.00683
2211.29893,0.00715
2209.23807,0.00701
2207.17721,0.00684
2205.11636,0.00700
2203.05550,0.00695
2200.99464,0.00676
2198.93379,0.00668
2196.87293,0.00667
2194.81207,0.00670
2192.75122,0.00680
2190.69036,0.00722
2188.62950,0.00751
2186.56865,0.00744
2184.50779,0.00792
2182.44694,0.00792
2180.38608,0.00626
2178.32522,0.00498
2176.26437,0.00500
2174.20351,0.00530
2172.14265,0.00621
2170.08180,0.00746
2168.02094,0.00783
2165.96008,0.00741
2163.89923,0.00708
2161.83837,0.00696
2159.77752,0.00646
2157.71666,0.00513
2155.65580,0.00389
2153.59495,0.00397
2151.53409,0.00493
2149.47323,0.00577
2147.41238,0.00596
2145.35152,0.00536
2143.29066,0.00441
2141.22981,0.00403
2139.16895,0.00455
2137.10809,0.00506
2135.04724,0.00483
2132.98638,0.00438
2130.92553,0.00429
2128.86467,0.00445
2126.80381,0.00497
2124.74296,0.00562
2122.68210,0.00574
2120.62124,0.00557
2118.56039,0.00584
2116.49953,0.00660
2114.43867,0.00704
2112.37782,0.00674
2110.31696,0.00617
2108.25611,0.00602
2106.19525,0.00645
2104.13439,0.00671
2102.07354,0.00643
2100.01268,0.00609
2097.95182,0.00585
2095.89097,0.00572
2093.83011,0.00583
2091.76925,0.00604
2089.70840,0.00605
2087.64754,0.00603
2085.58668,0.00608
2083.52583,0.00585
2081.46497,0.00551
2079.40412,0.00565
2077.34326,0.00613
2075.28240,0.00646
2073.22155,0.00653
2071.16069,0.00634
2069.09983,0.00627
2067.03898,0.00649
2064.97812,0.00652
2062.91726,0.00622
2060.85641,0.00623
2058.79555,0.00642
2056.73469,0.00608
2054.67384,0.00561
2052.61298,0.00590
2050.55213,0.00666
2048.49127,0.00712
2046.43041,0.00684
2044.36956,0.00545
2042.30870,0.00419
2040.24784,0.00459
2038.18699,0.00561
2036.12613,0.00606
2034.06527,0.00639
2032.00442,0.00687
2029.94356,0.00685
2027.88271,0.00632
2025.82185,0.00589
2023.76099,0.00545
2021.70014,0.00494
2019.63928,0.00469
2017.57842,0.00444
2015.51757,0.00435
2013.45671,0.00528
2011.39585,0.00664
2009.33500,0.00660
2007.27414,0.00548
2005.21328,0.00521
2003.15243,0.00585
2001.09157,0.00613
1999.03072,0.00586
1996.96986,0.00590
1994.90900,0.00606
1992.84815,0.00614
1990.78729,0.00635
1988.72643,0.00652
1986.66558,0.00685
1984.60472,0.00671
1982.54386,0.00631
1980.48301,0.00655
1978.42215,0.00632
1976.36129,0.00536
1974.30044,0.00497
1972.23958,0.00478
1970.17873,0.00433
1968.11787,0.00389
1966.05701,0.00399
1963.99616,0.00461
1961.93530,0.00502
1959.87444,0.00511
1957.81359,0.00484
1955.75273,0.00481
1953.69187,0.00498
1951.63102,0.00460
1949.57016,0.00434
1947.50931,0.00471
1945.44845,0.00486
1943.38759,0.00450
1941.32674,0.00432
1939.26588,0.00445
1937.20502,0.00457
1935.14417,0.00471
1933.08331,0.00489
1931.02245,0.00468
1928.96160,0.00437
1926.90074,0.00470
1924.83988,0.00512
1922.77903,0.00499
1920.71817,0.00477
1918.65732,0.00488
1916.59646,0.00507
1914.53560,0.00513
1912.47475,0.00521
1910.41389,0.00522
1908.35303,0.00503
1906.29218,0.00493
1904.23132,0.00509
1902.17046,0.00516
1900.10961,0.00487
1898.04875,0.00461
1895.98790,0.00471
1893.92704,0.00478
1891.86618,0.00461
1889.80533,0.00434
1887.74447,0.00426
1885.68361,0.00455
1883.62276,0.00489
1881.56190,0.00480
1879.50104,0.00450
1877.44019,0.00447
1875.37933,0.00479
1873.31847,0.00506
1871.25762,0.00495
1869.19676,0.00487
1867.13591,0.00509
1865.07505,0.00510
1863.01419,0.00493
1860.95334,0.00487
1858.89248,0.00460
1856.83162,0.00407
1854.77077,0.00390
1852.70991,0.00404
1850.64905,0.00418
1848.58820,0.00438
1846.52734,0.00463
1844.46648,0.00485
1842.40563,0.00495
1840.34477,0.00482
1838.28392,0.00460
1836.22306,0.00443
1834.16220,0.00434
1832.10135,0.00441
1830.04049,0.00450
1827.97963,0.00441
1825.91878,0.00446
1823.85792,0.00473
1821.79706,0.00479
1819.73621,0.00468
1817.67535,0.00462
1815.61450,0.00473
1813.55364,0.00497
1811.49278,0.00527
1809.43193,0.00553
1807.37107,0.00572
1805.31021,0.00610
1803.24936,0.00695
1801.18850,0.00826
1799.12764,0.00949
1797.06679,0.01011
1795.00593,0.01013
1792.94507,0.00969
1790.88422,0.00876
1788.82336,0.00757
1786.76251,0.00656
1784.70165,0.00582
1782.64079,0.00546
1780.57994,0.00540
1778.51908,0.00533
1776.45822,0.00526
1774.39737,0.00537
1772.33651,0.00543
1770.27565,0.00526
1768.21480,0.00512
1766.15394,0.00496
1764.09308,0.00476
1762.03223,0.00466
1759.97137,0.00459
1757.91052,0.00447
1755.84966,0.00430
1753.78880,0.00417
1751.72795,0.00412
1749.66709,0.00410
1747.60623,0.00404
1745.54538,0.00398
1743.48452,0.00401
1741.42366,0.00399
1739.36281,0.00381
1737.30195,0.00366
1735.24110,0.00382
1733.18024,0.00404
1731.11938,0.00394
1729.05853,0.00384
1726.99767,0.00389
1724.93681,0.00391
1722.87596,0.00382
1720.81510,0.00371
1718.75424,0.00374
1716.69339,0.00387
1714.63253,0.00374
1712.57167,0.00352
1710.51082,0.00355
1708.44996,0.00379
1706.38911,0.00403
1704.32825,0.00409
1702.26739,0.00403
1700.20654,0.00405
1698.14568,0.00415
1696.08482,0.00417
1694.02397,0.00406
1691.96311,0.00393
1689.90225,0.00388
1687.84140,0.00389
1685.78054,0.00407
1683.71969,0.00429
1681.65883,0.00414
1679.59797,0.00389
1677.53712,0.00376
1675.47626,0.00371
1673.41540,0.00371
1671.35455,0.00384
1669.29369,0.00390
1667.23283,0.00379
1665.17198,0.00378
1663.11112,0.00397
1661.05026,0.00415
1658.98941,0.00421
1656.92855,0.00426
1654.86770,0.00441
1652.80684,0.00452
1650.74598,0.00439
1648.68513,0.00431
1646.62427,0.00437
1644.56341,0.00441
1642.50256,0.00442
1640.44170,0.00444
1638.38084,0.00448
1636.31999,0.00449
1634.25913,0.00432
1632.19827,0.00416
1630.13742,0.00421
1628.07656,0.00441
1626.01571,0.00453
1623.95485,0.00456
1621.89399,0.00460
1619.83314,0.00472
1617.77228,0.00490
1615.71142,0.00495
1613.65057,0.00489
1611.58971,0.00494
1609.52885,0.00507
1607.46800,0.00523
1605.40714,0.00537
1603.34629,0.00551
1601.28543,0.00573
1599.22457,0.00600
1597.16372,0.00625
1595.10286,0.00650
1593.04200,0.00675
1590.98115,0.00693
1588.92029,0.00714
1586.85943,0.00737
1584.79858,0.00754
1582.73772,0.00774
1580.67686,0.00800
1578.61601,0.00828
1576.55515,0.00857
1574.49430,0.00872
1572.43344,0.00878
1570.37258,0.00917
1568.31173,0.00970
1566.25087,0.00998
1564.19001,0.01017
1562.12916,0.01040
1560.06830,0.01104
1558.00744,0.01245
1555.94659,0.01327
1553.88573,0.01380
1551.82487,0.01473
1549.76402,0.01612
1547.70316,0.01763
1545.64231,0.01923
1543.58145,0.02121
1541.52059,0.02361
1539.45974,0.02668
1537.39888,0.02857
1535.33802,0.02970
1533.27717,0.03154
1531.21631,0.03346
1529.15545,0.03490
1527.09460,0.03659
1525.03374,0.03847
1522.97289,0.04044
1520.91203,0.04276
1518.85117,0.04453
1516.79032,0.04611
1514.72946,0.04777
1512.66860,0.04924
1510.60775,0.05077
1508.54689,0.05284
1506.48603,0.05612
1504.42518,0.05828
1502.36432,0.05923
1500.30346,0.06063
1498.24261,0.06289
1496.18175,0.06541
1494.12090,0.06716
1492.06004,0.06868
1489.99918,0.07116
1487.93833,0.07390
1485.87747,0.07572
1483.81661,0.07717
1481.75576,0.07886
1479.69490,0.08072
1477.63404,0.08260
1475.57319,0.08463
1473.51233,0.08708
1471.45148,0.08969
1469.39062,0.09125
1467.32976,0.09254
1465.26891,0.09481
1463.20805,0.09736
1461.14719,0.09899
1459.08634,0.10089
1457.02548,0.10479
1454.96462,0.10816
1452.90377,0.10983
1450.84291,0.11162
1448.78205,0.11405
1446.72120,0.11675
1444.66034,0.11904
1442.59949,0.12107
1440.53863,0.12300
1438.47777,0.12505
1436.41692,0.12819
1434.35606,0.13096
1432.29520,0.13265
1430.23435,0.13478
1428.17349,0.13710
1426.11263,0.13901
1424.05178,0.14100
1421.99092,0.14291
1419.93006,0.14526
1417.86921,0.14842
1415.80835,0.15032
1413.74750,0.15135
1411.68664,0.15251
1409.62578,0.15351
1407.56493,0.15386
1405.50407,0.15385
1403.44321,0.15353
1401.38236,0.15290
1399.32150,0.15277
1397.26064,0.15312
1395.19979,0.15319
1393.13893,0.15241
1391.07808,0.15066
1389.01722,0.14869
1386.95636,0.14696
1384.89551,0.14491
1382.83465,0.14257
1380.77379,0.14044
1378.71294,0.13840
1376.65208,0.13629
1374.59122,0.13436
1372.53037,0.13247
1370.46951,0.13037
1368.40865,0.12828
1366.34780,0.12630
1364.28694,0.12440
1362.22609,0.12256
1360.16523,0.12058
1358.10437,0.11845
1356.04352,0.11643
1353.98266,0.11456
1351.92180,0.11274
1349.86095,0.11098
1347.80009,0.10933
1345.73923,0.10772
1343.67838,0.10611
1341.61752,0.10453
1339.55666,0.10301
1337.49581,0.10149
1335.43495,0.10001
1333.37410,0.09862
1331.31324,0.09728
1329.25238,0.09598
1327.19153,0.09474
1325.13067,0.09361
1323.06981,0.09245
1321.00896,0.09127
1318.94810,0.09018
1316.88724,0.08912
1314.82639,0.08807
1312.76553,0.08703
1310.70468,0.08598
1308.64382,0.08495
1306.58296,0.08392
1304.52211,0.08288
1302.46125,0.08185
1300.40039,0.08076
1298.33954,0.07963
1296.27868,0.07863
1294.21782,0.07778
1292.15697,0.07697
1290.09611,0.07617
1288.03525,0.07533
1285.97440,0.07448
1283.91354,0.07364
1281.85269,0.07278
1279.79183,0.07194
1277.73097,0.07114
1275.67012,0.07040
1273.60926,0.06972
1271.54840,0.06902
1269.48755,0.06833
1267.42669,0.06772
1265.36583,0.06710
1263.30498,0.06649
1261.24412,0.06594
1259.18327,0.06536
1257.12241,0.06471
1255.06155,0.06404
1253.00070,0.06336
1250.93984,0.06268
1248.87898,0.06208
1246.81813,0.06161
1244.75727,0.06113
1242.69641,0.06064
1240.63556,0.06020
1238.57470,0.05962
1236.51384,0.05900
1234.45299,0.05852
1232.39213,0.05816
1230.33128,0.05775
1228.27042,0.05729
1226.20956,0.05682
1224.14871,0.05637
1222.08785,0.05592
1220.02699,0.05544
1217.96614,0.05498
1215.90528,0.05454
1213.84442,0.05420
1211.78357,0.05394
1209.72271,0.05357
1207.66185,0.05311
1205.60100,0.05275
1203.54014,0.05244
1201.47929,0.05204
1199.41843,0.05165
1197.35757,0.05138
1195.29672,0.05117
1193.23586,0.05099
1191.17500,0.05081
1189.11415,0.05054
1187.05329,0.05021
1184.99243,0.04999
1182.93158,0.04991
1180.87072,0.04981
1178.80987,0.04955
1176.74901,0.04918
1174.68815,0.04883
1172.62730,0.04861
1170.56644,0.04845
1168.50558,0.04827
1166.44473,0.04816
1164.38387,0.04810
1162.32301,0.04800
1160.26216,0.04785
1158.20130,0.04762
1156.14044,0.04727
1154.07959,0.04684
1152.01873,0.04649
1149.95788,0.04628
1147.89702,0.04613
1145.83616,0.04590
1143.77531,0.04565
1141.71445,0.04543
1139.65359,0.04521
1137.59274,0.04502
1135.53188,0.04490
1133.47102,0.04480
1131.41017,0.04470
1129.34931,0.04462
1127.28845,0.04445
1125.22760,0.04414
1123.16674,0.04384
1121.10589,0.04360
1119.04503,0.04324
1116.98417,0.04288
1114.92332,0.04274
1112.86246,0.04267
1110.80160,0.04245
1108.74075,0.04215
1106.67989,0.04197
1104.61903,0.04185
1102.55818,0.04168
1100.49732,0.04155
1098.43647,0.04153
1096.37561,0.04160
1094.31475,0.04184
1092.25390,0.04217
1090.19304,0.04239
1088.13218,0.04251
1086.07133,0.04260
1084.01047,0.04265
1081.94961,0.04261
1079.88876,0.04250
1077.82790,0.04237
1075.76704,0.04222
1073.70619,0.04208
1071.64533,0.04199
1069.58448,0.04201
1067.52362,0.04210
1065.46276,0.04204
1063.40191,0.04188
1061.34105,0.04192
1059.28019,0.04216
1057.21934,0.04229
1055.15848,0.04213
1053.09762,0.04179
1051.03677,0.04157
1048.97591,0.04165
1046.91506,0.04175
1044.85420,0.04173
1042.79334,0.04164
1040.73249,0.04144
1038.67163,0.04121
1036.61077,0.04112
1034.54992,0.04113
1032.48906,0.04105
1030.42820,0.04094
1028.36735,0.04097
1026.30649,0.04096
1024.24563,0.04073
1022.18478,0.04046
1020.12392,0.04024
1018.06307,0.03996
1016.00221,0.03963
1013.94135,0.03932
1011.88050,0.03908
1009.81964,0.03883
1007.75878,0.03855
1005.69793,0.03829
1003.63707,0.03805
1001.57621,0.03783
999.51536,0.03753
997.45450,0.03707
995.39364,0.03655
993.33279,0.03611
991.27193,0.03578
989.21108,0.03556
987.15022,0.03535
985.08936,0.03513
983.02851,0.03490
980.96765,0.03458
978.90679,0.03419
976.84594,0.03379
974.78508,0.03343
972.72422,0.03318
970.66337,0.03289
968.60251,0.03247
966.54166,0.03215
964.48080,0.03196
962.41994,0.03175
960.35909,0.03153
958.29823,0.03133
956.23737,0.03107
954.17652,0.03071
952.11566,0.03044
950.05480,0.03028
947.99395,0.03007
945.93309,0.02995
943.87223,0.02993
941.81138,0.02982
939.75052,0.02964
937.68967,0.02940
935.62881,0.02901
933.56795,0.02862
931.50710,0.02846
929.44624,0.02839
927.38538,0.02813
925.32453,0.02769
923.26367,0.02723
921.20281,0.02688
919.14196,0.02660
917.08110,0.02633
915.02024,0.02605
912.95939,0.02575
910.89853,0.02536
908.83768,0.02472
906.77682,0.02399
904.71596,0.02354
902.65511,0.02333
900.59425,0.02302
898.53339,0.02247
896.47254,0.02189
894.41168,0.02149
892.35082,0.02146
890.28997,0.02239
888.22911,0.02656
886.16826,0.03718
884.10740,0.05358
882.04654,0.07140
879.98569,0.08871
877.92483,0.10533
875.86397,0.11907
873.80312,0.12700
871.74226,0.12736
869.68140,0.12048
867.62055,0.10978
865.55969,0.09940
863.49883,0.09076
861.43798,0.08319
859.37712,0.07621
857.31627,0.06990
855.25541,0.06447
853.19455,0.05990
851.13370,0.05675
849.07284,0.05587
847.01198,0.05523
844.95113,0.05234
842.89027,0.04849
840.82941,0.04545
838.76856,0.04327
836.70770,0.04153
834.64685,0.03987
832.58599,0.03845
830.52513,0.03741
828.46428,0.03645
826.40342,0.03549
824.34256,0.03465
822.28171,0.03388
820.22085,0.03312
818.15999,0.03248
816.09914,0.03207
814.03828,0.03191
811.97742,0.03190
809.91657,0.03165
807.85571,0.03107
805.79486,0.03041
803.73400,0.03000
801.67314,0.02994
799.61229,0.02977
797.55143,0.02922
795.49057,0.02871
793.42972,0.02835
791.36886,0.02803
789.30800,0.02804
787.24715,0.02816
785.18629,0.02790
783.12543,0.02763
781.06458,0.02761
779.00372,0.02740
776.94287,0.02697
774.88201,0.02659
772.82115,0.02632
770.76030,0.02611
768.69944,0.02593
766.63858,0.02574
764.57773,0.02548
762.51687,0.02512
760.45601,0.02470
758.39516,0.02449
756.33430,0.02431
754.27345,0.02379
752.21259,0.02317
750.15173,0.02277
748.09088,0.02251
746.03002,0.02242
743.96916,0.02235
741.90831,0.02219
739.84745,0.02230
737.78659,0.02261
735.72574,0.02268
733.66488,0.02256
731.60402,0.02223
729.54317,0.02150
727.48231,0.02084
725.42146,0.02067
723.36060,0.02064
721.29974,0.02097
719.23889,0.02330
717.17803,0.03105
715.11717,0.04746
713.05632,0.06581
710.99546,0.07046
708.93460,0.06033
706.87375,0.04824
704.81289,0.04032
702.75204,0.03558
700.69118,0.03260
698.63032,0.03071
696.56947,0.02936
694.50861,0.02830
692.44775,0.02745
690.38690,0.02651
688.32604,0.02560
686.26518,0.02522
684.20433,0.02535
682.14347,0.02546
680.08261,0.02499
678.02176,0.02402
675.96090,0.02325
673.90005,0.02313
671.83919,0.02322
669.77833,0.02279
667.71748,0.02198
665.65662,0.02170
663.59576,0.02170
661.53491,0.02162
659.47405,0.02171
657.41319,0.02207
655.35234,0.02236
653.29148,0.02232
651.23062,0.02185
649.16977,0.02138
647.10891,0.02109
645.04806,0.02078
642.98720,0.02056
640.92634,0.02039
638.86549,0.02009
636.80463,0.01991
634.74377,0.01994
632.68292,0.02007
630.62206,0.02040
628.56120,0.02056
626.50035,0.02035
624.43949,0.02033
622.37864,0.02073
620.31778,0.02065
618.25692,0.02018
616.19607,0.02029
614.13521,0.02057
612.07435,0.02041
610.01350,0.02001
607.95264,0.01987
605.89178,0.01993
603.83093,0.01975
601.77007,0.01970
599.70921,0.02002
597.64836,0.02018
595.58750,0.02007
593.52665,0.01995
591.46579,0.01996
589.40493,0.02031
587.34408,0.02078
585.28322,0.02090
583.22236,0.02072
581.16151,0.02040
579.10065,0.01976
577.03979,0.01918
574.97894,0.01927
572.91808,0.01945
570.85722,0.01939
568.79637,0.01960
566.73551,0.01995
564.67466,0.01986
562.61380,0.01940
560.55294,0.01911
558.49209,0.01932
556.43123,0.01967
554.37037,0.01995
552.30952,0.02040
550.24866,0.02067
548.18780,0.02035
546.12695,0.02015
544.06609,0.02065
542.00524,0.02088
539.94438,0.02045
537.88352,0.02017
535.82267,0.02036
533.76181,0.02084
531.70095,0.02120
529.64010,0.02132
527.57924,0.02102
525.51838,0.02060
523.45753,0.02059
521.39667,0.02084
519.33581,0.02151
517.27496,0.02234
515.21410,0.02280
513.15325,0.02319
511.09239,0.02340
509.03153,0.02333
506.97068,0.02351
504.90982,0.02370
502.84896,0.02337
500.78811,0.02307
498.72725,0.02319
496.66639,0.02352
494.60554,0.02402
492.54468,0.02430
490.48383,0.02413
488.42297,0.02403
486.36211,0.02448
484.30126,0.02539
482.24040,0.02616
480.17954,0.02665
478.11869,0.02713
476.05783,0.02742
473.99697,0.02720
471.93612,0.02611
469.87526,0.02503
467.81440,0.02519
465.75355,0.02602
463.69269,0.02669
461.63184,0.02700
459.57098,0.02689
457.51012,0.02630
455.44927,0.02587
453.38841,0.02616
451.32755,0.02630
449.26670,0.02599
447.20584,0.02611
445.14498,0.02690
443.08413,0.02765
441.02327,0.02788
438.96241,0.02802
436.90156,0.02812
434.84070,0.02759
432.77985,0.02731
430.71899,0.02861
428.65813,0.03033
426.59728,0.03070
424.53642,0.03025
422.47556,0.03053
420.41471,0.03196
418.35385,0.03260
416.29299,0.03107
414.23214,0.02973
412.17128,0.03015
410.11043,0.03151
408.04957,0.03203
405.98871,0.03197
403.92786,0.03211
401.86700,0.03248
399.80614,0.03426
