3996.00057,0.01517
3993.93972,0.01509
3991.87886,0.01507
3989.81801,0.01510
3987.75715,0.01498
3985.69629,0.01482
3983.63544,0.01482
3981.57458,0.01483
3979.51372,0.01487
3977.45287,0.01505
3975.39201,0.01509
3973.33115,0.01491
3971.27030,0.01481
3969.20944,0.01484
3967.14858,0.01488
3965.08773,0.01487
3963.02687,0.01474
3960.96602,0.01458
3958.90516,0.01458
3956.84430,0.01465
3954.78345,0.01471
3952.72259,0.01480
3950.66173,0.01490
3948.60088,0.01495
3946.54002,0.01490
3944.47916,0.01488
3942.41831,0.01501
3940.35745,0.01497
3938.29659,0.01477
3936.23574,0.01474
3934.17488,0.01474
3932.11403,0.01468
3930.05317,0.01474
3927.99231,0.01473
3925.93146,0.01475
3923.87060,0.01504
3921.80974,0.01535
3919.74889,0.01537
3917.68803,0.01517
3915.62717,0.01496
3913.56632,0.01485
3911.50546,0.01487
3909.44461,0.01487
3907.38375,0.01478
3905.32289,0.01485
3903.26204,0.01504
3901.20118,0.01497
3899.14032,0.01483
3897.07947,0.01486
3895.01861,0.01493
3892.95775,0.01509
3890.89690,0.01525
3888.83604,0.01502
3886.77518,0.01469
3884.71433,0.01460
3882.65347,0.01462
3880.59262,0.01478
3878.53176,0.01488
3876.47090,0.01471
3874.41005,0.01470
3872.34919,0.01502
3870.28833,0.01537
3868.22748,0.01538
3866.16662,0.01507
3864.10576,0.01487
3862.04491,0.01478
3859.98405,0.01468
3857.92320,0.01462
3855.86234,0.01452
3853.80148,0.01473
3851.74063,0.01535
3849.67977,0.01547
3847.61891,0.01523
3845.55806,0.01500
3843.49720,0.01511
3841.43634,0.01545
3839.37549,0.01554
3837.31463,0.01533
3835.25377,0.01512
3833.19292,0.01510
3831.13206,0.01503
3829.07121,0.01486
3827.01035,0.01483
3824.94949,0.01471
3822.88864,0.01447
3820.82778,0.01473
3818.76692,0.01523
3816.70607,0.01546
3814.64521,0.01549
3812.58435,0.01514
3810.52350,0.01467
3808.46264,0.01441
3806.40178,0.01448
3804.34093,0.01456
3802.28007,0.01481
3800.21922,0.01528
3798.15836,0.01530
3796.09750,0.01516
3794.03665,0.01515
3791.97579,0.01511
3789.91493,0.01499
3787.85408,0.01488
3785.79322,0.01490
3783.73236,0.01484
3781.67151,0.01475
3779.61065,0.01487
3777.54980,0.01500
3775.48894,0.01484
3773.42808,0.01452
3771.36723,0.01438
3769.30637,0.01459
3767.24551,0.01479
3765.18466,0.01493
3763.12380,0.01507
3761.06294,0.01512
3759.00209,0.01522
3756.94123,0.01522
3754.88037,0.01499
3752.81952,0.01488
3750.75866,0.01511
3748.69781,0.01530
3746.63695,0.01517
3744.57609,0.01521
3742.51524,0.01533
3740.45438,0.01507
3738.39352,0.01477
3736.33267,0.01476
3734.27181,0.01497
3732.21095,0.01515
3730.15010,0.01514
3728.08924,0.01507
3726.02839,0.01489
3723.96753,0.01461
3721.90667,0.01459
3719.84582,0.01475
3717.78496,0.01465
3715.72410,0.01447
3713.66325,0.01457
3711.60239,0.01493
3709.54153,0.01517
3707.48068,0.01530
3705.41982,0.01524
3703.35896,0.01500
3701.29811,0.01487
3699.23725,0.01477
3697.17640,0.01468
3695.11554,0.01465
3693.05468,0.01460
3690.99383,0.01468
3688.93297,0.01509
3686.87211,0.01526
3684.81126,0.01496
3682.75040,0.01464
3680.68954,0.01446
3678.62869,0.01438
3676.56783,0.01461
3674.50697,0.01497
3672.44612,0.01472
3670.38526,0.01453
3668.32441,0.01487
3666.26355,0.01502
3664.20269,0.01476
3662.14184,0.01435
3660.08098,0.01404
3658.02012,0.01411
3655.95927,0.01444
3653.89841,0.01451
3651.83755,0.01456
3649.77670,0.01490
3647.71584,0.01511
3645.65499,0.01500
3643.59413,0.01486
3641.53327,0.01491
3639.47242,0.01502
3637.41156,0.01494
3635.35070,0.01485
3633.28985,0.01480
3631.22899,0.01473
3629.16813,0.01492
3627.10728,0.01521
3625.04642,0.01515
3622.98556,0.01487
3620.92471,0.01470
3618.86385,0.01473
3616.80300,0.01465
3614.74214,0.01467
3612.68128,0.01480
3610.62043,0.01470
3608.55957,0.01474
3606.49871,0.01498
3604.43786,0.01489
3602.37700,0.01456
3600.31614,0.01440
3598.25529,0.01436
3596.19443,0.01427
3594.13357,0.01421
3592.07272,0.01438
3590.01186,0.01463
3587.95101,0.01473
3585.89015,0.01465
3583.82929,0.01452
3581.76844,0.01455
3579.70758,0.01467
3577.64672,0.01458
3575.58587,0.01432
3573.52501,0.01420
3571.46415,0.01416
3569.40330,0.01402
3567.34244,0.01409
3565.28159,0.01454
3563.22073,0.01485
3561.15987,0.01483
3559.09902,0.01464
3557.03816,0.01453
3554.97730,0.01452
3552.91645,0.01471
3550.85559,0.01496
3548.79473,0.01485
3546.73388,0.01461
3544.67302,0.01456
3542.61216,0.01455
3540.55131,0.01446
3538.49045,0.01432
3536.42960,0.01426
3534.36874,0.01440
3532.30788,0.01469
3530.24703,0.01498
3528.18617,0.01503
3526.12531,0.01482
3524.06446,0.01460
3522.00360,0.01451
3519.94274,0.01442
3517.88189,0.01431
3515.82103,0.01428
3513.76018,0.01441
3511.69932,0.01453
3509.63846,0.01454
3507.57761,0.01456
3505.51675,0.01454
3503.45589,0.01449
3501.39504,0.01452
3499.33418,0.01455
3497.27332,0.01451
3495.21247,0.01442
3493.15161,0.01432
3491.09075,0.01418
3489.02990,0.01415
3486.96904,0.01431
3484.90819,0.01435
3482.84733,0.01428
3480.78647,0.01430
3478.72562,0.01421
3476.66476,0.01407
3474.60390,0.01412
3472.54305,0.01421
3470.48219,0.01419
3468.42133,0.01408
3466.36048,0.01401
3464.29962,0.01400
3462.23876,0.01403
3460.17791,0.01410
3458.11705,0.01400
3456.05620,0.01388
3453.99534,0.01392
3451.93448,0.01409
3449.87363,0.01432
3447.81277,0.01435
3445.75191,0.01415
3443.69106,0.01410
3441.63020,0.01424
3439.56934,0.01431
3437.50849,0.01420
3435.44763,0.01416
3433.38678,0.01430
3431.32592,0.01442
3429.26506,0.01448
3427.20421,0.01452
3425.14335,0.01437
3423.08249,0.01415
3421.02164,0.01415
3418.96078,0.01418
3416.89992,0.01418
3414.83907,0.01417
3412.77821,0.01401
3410.71735,0.01388
3408.65650,0.01409
3406.59564,0.01436
3404.53479,0.01432
3402.47393,0.01413
3400.41307,0.01401
3398.35222,0.01390
3396.29136,0.01390
3394.23050,0.01394
3392.16965,0.01390
3390.10879,0.01400
3388.04793,0.01420
3385.98708,0.01435
3383.92622,0.01448
3381.86536,0.01464
3379.80451,0.01477
3377.74365,0.01465
3375.68280,0.01432
3373.62194,0.01417
3371.56108,0.01421
3369.50023,0.01413
3367.43937,0.01395
3365.37851,0.01391
3363.31766,0.01413
3361.25680,0.01434
3359.19594,0.01438
3357.13509,0.01444
3355.07423,0.01446
3353.01338,0.01442
3350.95252,0.01441
3348.89166,0.01434
3346.83081,0.01421
3344.76995,0.01418
3342.70909,0.01423
3340.64824,0.01423
3338.58738,0.01421
3336.52652,0.01429
3334.46567,0.01453
3332.40481,0.01468
3330.34395,0.01449
3328.28310,0.01429
3326.22224,0.01430
3324.16139,0.01428
3322.10053,0.01419
3320.03967,0.01418
3317.97882,0.01420
3315.91796,0.01419
3313.85710,0.01418
3311.79625,0.01419
3309.73539,0.01412
3307.67453,0.01400
3305.61368,0.01409
3303.55282,0.01431
3301.49197,0.01439
3299.43111,0.01434
3297.37025,0.01420
3295.30940,0.01404
3293.24854,0.01401
3291.18768,0.01420
3289.12683,0.01446
3287.06597,0.01455
3285.00511,0.01448
3282.94426,0.01437
3280.88340,0.01427
3278.82254,0.01419
3276.76169,0.01403
3274.70083,0.01376
3272.63998,0.01358
3270.57912,0.01366
3268.51826,0.01383
3266.45741,0.01400
3264.39655,0.01422
3262.33569,0.01437
3260.27484,0.01443
3258.21398,0.01454
3256.15312,0.01460
3254.09227,0.01453
3252.03141,0.01447
3249.97055,0.01442
3247.90970,0.01436
3245.84884,0.01434
3243.78799,0.01431
3241.72713,0.01421
3239.66627,0.01405
3237.60542,0.01398
3235.54456,0.01407
3233.48370,0.01411
3231.42285,0.01397
3229.36199,0.01382
3227.30113,0.01385
3225.24028,0.01397
3223.17942,0.01407
3221.11857,0.01413
3219.05771,0.01409
3216.99685,0.01388
3214.93600,0.01368
3212.87514,0.01371
3210.81428,0.01389
3208.75343,0.01401
3206.69257,0.01396
3204.63171,0.01388
3202.57086,0.01394
3200.51000,0.01411
3198.44914,0.01422
3196.38829,0.01423
3194.32743,0.01423
3192.26658,0.01428
3190.20572,0.01428
3188.14486,0.01424
3186.08401,0.01428
3184.02315,0.01422
3181.96229,0.01395
3179.90144,0.01377
3177.84058,0.01378
3175.77972,0.01382
3173.71887,0.01372
3171.65801,0.01373
3169.59715,0.01397
3167.53630,0.01417
3165.47544,0.01420
3163.41459,0.01413
3161.35373,0.01399
3159.29287,0.01395
3157.23202,0.01399
3155.17116,0.01398
3153.11030,0.01385
3151.04945,0.01383
3148.98859,0.01396
3146.92773,0.01406
3144.86688,0.01422
3142.80602,0.01436
3140.74517,0.01427
3138.68431,0.01404
3136.62345,0.01386
3134.56260,0.01376
3132.50174,0.01374
3130.44088,0.01375
3128.38003,0.01378
3126.31917,0.01380
3124.25831,0.01380
3122.19746,0.01390
3120.13660,0.01405
3118.07574,0.01409
3116.01489,0.01408
3113.95403,0.01404
3111.89318,0.01394
3109.83232,0.01390
3107.77146,0.01394
3105.71061,0.01388
3103.64975,0.01372
3101.58889,0.01364
3099.52804,0.01367
3097.46718,0.01372
3095.40632,0.01386
3093.34547,0.01399
3091.28461,0.01393
3089.22376,0.01387
3087.16290,0.01388
3085.10204,0.01383
3083.04119,0.01374
3080.98033,0.01367
3078.91947,0.01360
3076.85862,0.01348
3074.79776,0.01341
3072.73690,0.01359
3070.67605,0.01382
3068.61519,0.01381
3066.55433,0.01378
3064.49348,0.01381
3062.43262,0.01369
3060.37177,0.01360
3058.31091,0.01377
3056.25005,0.01386
3054.18920,0.01366
3052.12834,0.01349
3050.06748,0.01355
3048.00663,0.01366
3045.94577,0.01364
3043.88491,0.01355
3041.82406,0.01354
3039.76320,0.01365
3037.70234,0.01378
3035.64149,0.01377
3033.58063,0.01359
3031.51978,0.01344
3029.45892,0.01350
3027.39806,0.01363
3025.33721,0.01364
3023.27635,0.01350
3021.21549,0.01334
3019.15464,0.01331
3017.09378,0.01337
3015.03292,0.01338
3012.97207,0.01342
3010.91121,0.01354
3008.85036,0.01356
3006.78950,0.01337
3004.72864,0.01320
3002.66779,0.01329
3000.60693,0.01346
2998.54607,0.01354
2996.48522,0.01358
2994.42436,0.01364
2992.36350,0.01366
2990.30265,0.01368
2988.24179,0.01375
2986.18093,0.01378
2984.12008,0.01381
2982.05922,0.01391
2979.99837,0.01396
2977.93751,0.01390
2975.87665,0.01385
2973.81580,0.01380
2971.75494,0.01357
2969.69408,0.01333
2967.63323,0.01337
2965.57237,0.01350
2963.51151,0.01345
2961.45066,0.01338
2959.38980,0.01332
2957.32894,0.01312
2955.26809,0.01299
2953.20723,0.01307
2951.14638,0.01316
2949.08552,0.01331
2947.02466,0.01342
2944.96381,0.01327
2942.90295,0.01304
2940.84209,0.01291
2938.78124,0.01285
2936.72038,0.01273
2934.65952,0.01246
2932.59867,0.01219
2930.53781,0.01215
2928.47696,0.01218
2926.41610,0.01207
2924.35524,0.01188
2922.29439,0.01188
2920.23353,0.01219
2918.17267,0.01266
2916.11182,0.01292
2914.05096,0.01293
2911.99010,0.01299
2909.92925,0.01313
2907.86839,0.01319
2905.80753,0.01317
2903.74668,0.01320
2901.68582,0.01328
2899.62497,0.01324
2897.56411,0.01313
2895.50325,0.01323
2893.44240,0.01348
2891.38154,0.01365
2889.32068,0.01371
2887.25983,0.01369
2885.19897,0.01367
2883.13811,0.01370
2881.07726,0.01372
2879.01640,0.01377
2876.95555,0.01394
2874.89469,0.01413
2872.83383,0.01424
2870.77298,0.01424
2868.71212,0.01415
2866.65126,0.01404
2864.59041,0.01399
2862.52955,0.01395
2860.46869,0.01380
2858.40784,0.01354
2856.34698,0.01331
2854.28612,0.01319
2852.22527,0.01317
2850.16441,0.01329
2848.10356,0.01355
2846.04270,0.01380
2843.98184,0.01395
2841.92099,0.01396
2839.86013,0.01381
2837.79927,0.01364
2835.73842,0.01364
2833.67756,0.01376
2831.61670,0.01381
2829.55585,0.01380
2827.49499,0.01378
2825.43413,0.01372
2823.37328,0.01360
2821.31242,0.01351
2819.25157,0.01351
2817.19071,0.01353
2815.12985,0.01358
2813.06900,0.01365
2811.00814,0.01358
2808.94728,0.01342
2806.88643,0.01330
2804.82557,0.01325
2802.76471,0.01325
2800.70386,0.01328
2798.64300,0.01332
2796.58215,0.01332
2794.52129,0.01334
2792.46043,0.01341
2790.39958,0.01345
2788.33872,0.01342
2786.27786,0.01336
2784.21701,0.01334
2782.15615,0.01331
2780.09529,0.01327
2778.03444,0.01327
2775.97358,0.01331
2773.91272,0.01333
2771.85187,0.01334
2769.79101,0.01334
2767.73016,0.01325
2765.66930,0.01310
2763.60844,0.01309
2761.54759,0.01317
2759.48673,0.01322
2757.42587,0.01317
2755.36502,0.01299
2753.30416,0.01287
2751.24330,0.01293
2749.18245,0.01302
2747.12159,0.01308
2745.06073,0.01314
2742.99988,0.01309
2740.93902,0.01301
2738.87817,0.01306
2736.81731,0.01307
2734.75645,0.01303
2732.69560,0.01299
2730.63474,0.01293
2728.57388,0.01295
2726.51303,0.01306
2724.45217,0.01314
2722.39131,0.01311
2720.33046,0.01302
2718.26960,0.01296
2716.20875,0.01299
2714.14789,0.01311
2712.08703,0.01320
2710.02618,0.01315
2707.96532,0.01300
2705.90446,0.01282
2703.84361,0.01273
2701.78275,0.01281
2699.72189,0.01290
2697.66104,0.01291
2695.60018,0.01297
2693.53932,0.01307
2691.47847,0.01309
2689.41761,0.01303
2687.35676,0.01300
2685.29590,0.01298
2683.23504,0.01290
2681.17419,0.01284
2679.11333,0.01283
2677.05247,0.01287
2674.99162,0.01294
2672.93076,0.01291
2670.86990,0.01283
2668.80905,0.01285
2666.74819,0.01290
2664.68734,0.01289
2662.62648,0.01292
2660.56562,0.01301
2658.50477,0.01311
2656.44391,0.01318
2654.38305,0.01317
2652.32220,0.01314
2650.26134,0.01310
2648.20048,0.01307
2646.13963,0.01308
2644.07877,0.01306
2642.01791,0.01294
2639.95706,0.01288
2637.89620,0.01295
2635.83535,0.01305
2633.77449,0.01307
2631.71363,0.01311
2629.65278,0.01309
2627.59192,0.01285
2625.53106,0.01272
2623.47021,0.01279
2621.40935,0.01280
2619.34849,0.01278
2617.28764,0.01284
2615.22678,0.01300
2613.16592,0.01314
2611.10507,0.01312
2609.04421,0.01300
2606.98336,0.01300
2604.92250,0.01313
2602.86164,0.01317
2600.80079,0.01311
2598.73993,0.01305
2596.67907,0.01297
2594.61822,0.01288
2592.55736,0.01297
2590.49650,0.01324
2588.43565,0.01340
2586.37479,0.01322
2584.31394,0.01289
2582.25308,0.01281
2580.19222,0.01294
2578.13137,0.01297
2576.07051,0.01285
2574.00965,0.01272
2571.94880,0.01277
2569.88794,0.01296
2567.82708,0.01302
2565.76623,0.01289
2563.70537,0.01270
2561.64451,0.01259
2559.58366,0.01266
2557.52280,0.01267
2555.46195,0.01255
2553.40109,0.01254
2551.34023,0.01247
2549.27938,0.01224
2547.21852,0.01221
2545.15766,0.01236
2543.09681,0.01246
2541.03595,0.01257
2538.97509,0.01271
2536.91424,0.01286
2534.85338,0.01304
2532.79252,0.01333
2530.73167,0.01373
2528.67081,0.01396
2526.60996,0.01387
2524.54910,0.01378
2522.48824,0.01396
2520.42739,0.01434
2518.36653,0.01459
2516.30567,0.01466
2514.24482,0.01478
2512.18396,0.01494
2510.12310,0.01505
2508.06225,0.01516
2506.00139,0.01515
2503.94054,0.01482
2501.87968,0.01457
2499.81882,0.01459
2497.75797,0.01444
2495.69711,0.01403
2493.63625,0.01371
2491.57540,0.01354
2489.51454,0.01332
2487.45368,0.01317
2485.39283,0.01324
2483.33197,0.01326
2481.27111,0.01311
2479.21026,0.01296
2477.14940,0.01288
2475.08855,0.01282
2473.02769,0.01281
2470.96683,0.01285
2468.90598,0.01274
2466.84512,0.01239
2464.78426,0.01207
2462.72341,0.01205
2460.66255,0.01223
2458.60169,0.01243
2456.54084,0.01254
2454.47998,0.01246
2452.41913,0.01242
2450.35827,0.01260
2448.29741,0.01268
2446.23656,0.01256
2444.17570,0.01241
2442.11484,0.01223
2440.05399,0.01206
2437.99313,0.01201
2435.93227,0.01211
2433.87142,0.01227
2431.81056,0.01227
2429.74970,0.01217
2427.68885,0.01206
2425.62799,0.01189
2423.56714,0.01180
2421.50628,0.01190
2419.44542,0.01196
2417.38457,0.01182
2415.32371,0.01162
2413.26285,0.01165
2411.20200,0.01190
2409.14114,0.01184
2407.08028,0.01145
2405.01943,0.01136
2402.95857,0.01156
2400.89771,0.01172
2398.83686,0.01181
2396.77600,0.01175
2394.71515,0.01150
2392.65429,0.01131
2390.59343,0.01140
2388.53258,0.01160
2386.47172,0.01167
2384.41086,0.01168
2382.35001,0.01161
2380.28915,0.01139
2378.22829,0.01120
2376.16744,0.01114
2374.10658,0.01112
2372.04573,0.01110
2369.98487,0.01106
2367.92401,0.01106
2365.86316,0.01104
2363.80230,0.01077
2361.74144,0.01054
2359.68059,0.01065
2357.61973,0.01102
2355.55887,0.01130
2353.49802,0.01127
2351.43716,0.01130
2349.37630,0.01149
2347.31545,0.01156
2345.25459,0.01160
2343.19374,0.01168
2341.13288,0.01159
2339.07202,0.01150
2337.01117,0.01163
2334.95031,0.01176
2332.88945,0.01171
2330.82860,0.01161
2328.76774,0.01169
2326.70688,0.01217
2324.64603,0.01270
2322.58517,0.01279
2320.52431,0.01240
2318.46346,0.01192
2316.40260,0.01160
2314.34175,0.01156
2312.28089,0.01179
2310.22003,0.01199
2308.15918,0.01206
2306.09832,0.01198
2304.03746,0.01170
2301.97661,0.01154
2299.91575,0.01163
2297.85489,0.01175
2295.79404,0.01192
2293.73318,0.01228
2291.67233,0.01268
2289.61147,0.01289
2287.55061,0.01276
2285.48976,0.01233
2283.42890,0.01184
2281.36804,0.01156
2279.30719,0.01149
2277.24633,0.01140
2275.18547,0.01133
2273.12462,0.01140
2271.06376,0.01136
2269.00290,0.01121
2266.94205,0.01134
2264.88119,0.01142
2262.82034,0.01119
2260.75948,0.01119
2258.69862,0.01145
2256.63777,0.01142
2254.57691,0.01104
2252.51605,0.01081
2250.45520,0.01076
2248.39434,0.01056
2246.33348,0.01024
2244.27263,0.01001
2242.21177,0.01022
2240.15092,0.01066
2238.09006,0.01084
2236.02920,0.01080
2233.96835,0.01062
2231.90749,0.01068
2229.84663,0.01118
2227.78578,0.01118
2225.72492,0.01037
2223.66406,0.00970
2221.60321,0.00961
2219.54235,0.00984
2217.48149,0.01028
2215.42064,0.01074
2213.35978,0.01116
2211.29893,0.01150
2209.23807,0.01155
2207.17721,0.01124
2205.11636,0.01098
2203.05550,0.01108
2200.99464,0.01131
2198.93379,0.01133
2196.87293,0.01104
2194.81207,0.01073
2192.75122,0.01044
2190.69036,0.01002
2188.62950,0.00977
2186.56865,0.00994
2184.50779,0.01047
2182.44694,0.01065
2180.38608,0.00984
2178.32522,0.00895
2176.26437,0.00871
2174.20351,0.00901
2172.14265,0.00997
2170.08180,0.01141
2168.02094,0.01244
2165.96008,0.01238
2163.89923,0.01144
2161.83837,0.01014
2159.77752,0.00846
2157.71666,0.00674
2155.65580,0.00610
2153.59495,0.00661
2151.53409,0.00758
2149.47323,0.00834
2147.41238,0.00826
2145.35152,0.00765
2143.29066,0.00764
2141.22981,0.00814
2139.16895,0.00835
2137.10809,0.00882
2135.04724,0.00936
2132.98638,0.00889
2130.92553,0.00810
2128.86467,0.00780
2126.80381,0.00793
2124.74296,0.00838
2122.68210,0.00889
2120.62124,0.00919
2118.56039,0.00939
2116.49953,0.00985
2114.43867,0.01028
2112.37782,0.01021
2110.31696,0.00986
2108.25611,0.00976
2106.19525,0.01006
2104.13439,0.01009
2102.07354,0.00964
2100.01268,0.00934
2097.95182,0.00939
2095.89097,0.00967
2093.83011,0.00987
2091.76925,0.00970
2089.70840,0.00943
2087.64754,0.00935
2085.58668,0.00931
2083.52583,0.00929
2081.46497,0.00938
2079.40412,0.00960
2077.34326,0.00959
2075.28240,0.00925
2073.22155,0.00916
2071.16069,0.00936
2069.09983,0.00950
2067.03898,0.00962
2064.97812,0.00969
2062.91726,0.00936
2060.85641,0.00884
2058.79555,0.00876
2056.73469,0.00890
2054.67384,0.00880
2052.61298,0.00891
2050.55213,0.00952
2048.49127,0.00982
2046.43041,0.00917
2044.36956,0.00802
2042.30870,0.00756
2040.24784,0.00844
2038.18699,0.00968
2036.12613,0.00972
2034.06527,0.00915
2032.00442,0.00933
2029.94356,0.00944
2027.88271,0.00938
2025.82185,0.00990
2023.76099,0.01003
2021.70014,0.00929
2019.63928,0.00859
2017.57842,0.00807
2015.51757,0.00797
2013.45671,0.00940
2011.39585,0.01140
2009.33500,0.01100
2007.27414,0.00850
2005.21328,0.00716
2003.15243,0.00799
2001.09157,0.00937
1999.03072,0.00961
1996.96986,0.00878
1994.90900,0.00811
1992.84815,0.00838
1990.78729,0.00896
1988.72643,0.00935
1986.66558,0.00988
1984.60472,0.00982
1982.54386,0.00945
1980.48301,0.00956
1978.42215,0.00899
1976.36129,0.00771
1974.30044,0.00745
1972.23958,0.00764
1970.17873,0.00767
1968.11787,0.00800
1966.05701,0.00820
1963.99616,0.00797
1961.93530,0.00767
1959.87444,0.00755
1957.81359,0.00739
1955.75273,0.00711
1953.69187,0.00710
1951.63102,0.00741
1949.57016,0.00755
1947.50931,0.00751
1945.44845,0.00752
1943.38759,0.00736
1941.32674,0.00726
1939.26588,0.00758
1937.20502,0.00782
1935.14417,0.00775
1933.08331,0.00751
1931.02245,0.00702
1928.96160,0.00690
1926.90074,0.00765
1924.83988,0.00817
1922.77903,0.00767
1920.71817,0.00707
1918.65732,0.00718
1916.59646,0.00764
1914.53560,0.00781
1912.47475,0.00763
1910.41389,0.00741
1908.35303,0.00727
1906.29218,0.00706
1904.23132,0.00705
1902.17046,0.00736
1900.10961,0.00746
1898.04875,0.00726
1895.98790,0.00730
1893.92704,0.00754
1891.86618,0.00760
1889.80533,0.00735
1887.74447,0.00702
1885.68361,0.00702
1883.62276,0.00717
1881.56190,0.00715
1879.50104,0.00713
1877.44019,0.00719
1875.37933,0.00731
1873.31847,0.00748
1871.25762,0.00755
1869.19676,0.00753
1867.13591,0.00745
1865.07505,0.00713
1863.01419,0.00681
1860.95334,0.00680
1858.89248,0.00682
1856.83162,0.00680
1854.77077,0.00698
1852.70991,0.00708
1850.64905,0.00690
1848.58820,0.00669
1846.52734,0.00665
1844.46648,0.00681
1842.40563,0.00698
1840.34477,0.00693
1838.28392,0.00674
1836.22306,0.00656
1834.16220,0.00647
1832.10135,0.00657
1830.04049,0.00678
1827.97963,0.00688
1825.91878,0.00685
1823.85792,0.00678
1821.79706,0.00675
1819.73621,0.00686
1817.67535,0.00688
1815.61450,0.00680
1813.55364,0.00690
1811.49278,0.00719
1809.43193,0.00746
1807.37107,0.00763
1805.31021,0.00790
1803.24936,0.00863
1801.18850,0.01005
1799.12764,0.01164
1797.06679,0.01255
1795.00593,0.01270
1792.94507,0.01233
1790.88422,0.01143
1788.82336,0.01022
1786.76251,0.00905
1784.70165,0.00809
1782.64079,0.00757
1780.57994,0.00748
1778.51908,0.00747
1776.45822,0.00733
1774.39737,0.00722
1772.33651,0.00724
1770.27565,0.00720
1768.21480,0.00705
1766.15394,0.00690
1764.09308,0.00681
1762.03223,0.00675
1759.97137,0.00662
1757.91052,0.00648
1755.84966,0.00638
1753.78880,0.00627
1751.72795,0.00612
1749.66709,0.00599
1747.60623,0.00594
1745.54538,0.00587
1743.48452,0.00573
1741.42366,0.00562
1739.36281,0.00568
1737.30195,0.00584
1735.24110,0.00593
1733.18024,0.00596
1731.11938,0.00588
1729.05853,0.00580
1726.99767,0.00581
1724.93681,0.00582
1722.87596,0.00577
1720.81510,0.00560
1718.75424,0.00548
1716.69339,0.00556
1714.63253,0.00549
1712.57167,0.00529
1710.51082,0.00523
1708.44996,0.00531
1706.38911,0.00547
1704.32825,0.00556
1702.26739,0.00549
1700.20654,0.00542
1698.14568,0.00550
1696.08482,0.00552
1694.02397,0.00541
1691.96311,0.00526
1689.90225,0.00514
1687.84140,0.00508
1685.78054,0.00515
1683.71969,0.00517
1681.65883,0.00499
1679.59797,0.00480
1677.53712,0.00461
1675.47626,0.00446
1673.41540,0.00446
1671.35455,0.00451
1669.29369,0.00452
1667.23283,0.00448
1665.17198,0.00449
1663.11112,0.00467
1661.05026,0.00486
1658.98941,0.00489
1656.92855,0.00482
1654.86770,0.00475
1652.80684,0.00475
1650.74598,0.00476
1648.68513,0.00475
1646.62427,0.00481
1644.56341,0.00486
1642.50256,0.00477
1640.44170,0.00461
1638.38084,0.00448
1636.31999,0.00448
1634.25913,0.00449
1632.19827,0.00437
1630.13742,0.00427
1628.07656,0.00424
1626.01571,0.00429
1623.95485,0.00439
1621.89399,0.00451
1619.83314,0.00467
1617.77228,0.00479
1615.71142,0.00472
1613.65057,0.00462
1611.58971,0.00463
1609.52885,0.00473
1607.46800,0.00486
1605.40714,0.00497
1603.34629,0.00509
1601.28543,0.00530
1599.22457,0.00555
1597.16372,0.00577
1595.10286,0.00597
1593.04200,0.00627
1590.98115,0.00663
1588.92029,0.00697
1586.85943,0.00721
1584.79858,0.00740
1582.73772,0.00765
1580.67686,0.00795
1578.61601,0.00820
1576.55515,0.00843
1574.49430,0.00865
1572.43344,0.00882
1570.37258,0.00920
1568.31173,0.00968
1566.25087,0.01002
1564.19001,0.01034
1562.12916,0.01057
1560.06830,0.01110
1558.00744,0.01270
1555.94659,0.01386
1553.88573,0.01458
1551.82487,0.01576
1549.76402,0.01771
1547.70316,0.01997
1545.64231,0.02216
1543.58145,0.02459
1541.52059,0.02749
1539.45974,0.03125
1537.39888,0.03366
1535.33802,0.03509
1533.27717,0.03718
1531.21631,0.03915
1529.15545,0.04041
1527.09460,0.04194
1525.03374,0.04362
1522.97289,0.04511
1520.91203,0.04685
1518.85117,0.04817
1516.79032,0.04924
1514.72946,0.05028
1512.66860,0.05100
1510.60775,0.05157
1508.54689,0.05260
1506.48603,0.05513
1504.42518,0.05691
1502.36432,0.05740
1500.30346,0.05832
1498.24261,0.06019
1496.18175,0.06264
1494.12090,0.06448
1492.06004,0.06589
1489.99918,0.06833
1487.93833,0.07145
1485.87747,0.07369
1483.81661,0.07532
1481.75576,0.07704
1479.69490,0.07888
1477.63404,0.08063
1475.57319,0.08254
1473.51233,0.08518
1471.45148,0.08823
1469.39062,0.08994
1467.32976,0.09108
1465.26891,0.09331
1463.20805,0.09588
1461.14719,0.09725
1459.08634,0.09867
1457.02548,0.10218
1454.96462,0.10546
1452.90377,0.10706
1450.84291,0.10871
1448.78205,0.11090
1446.72120,0.11337
1444.66034,0.11551
1442.59949,0.11735
1440.53863,0.11887
1438.47777,0.12035
1436.41692,0.12308
1434.35606,0.12556
1432.29520,0.12687
1430.23435,0.12870
1428.17349,0.13097
1426.11263,0.13287
1424.05178,0.13479
1421.99092,0.13653
1419.93006,0.13882
1417.86921,0.14235
1415.80835,0.14466
1413.74750,0.14598
1411.68664,0.14756
1409.62578,0.14915
1407.56493,0.15042
1405.50407,0.15173
1403.44321,0.15268
1401.38236,0.15298
1399.32150,0.15385
1397.26064,0.15546
1395.19979,0.15715
1393.13893,0.15833
1391.07808,0.15839
1389.01722,0.15820
1386.95636,0.15861
1384.89551,0.15868
1382.83465,0.15799
1380.77379,0.15713
1378.71294,0.15618
1376.65208,0.15510
1374.59122,0.15436
1372.53037,0.15371
1370.46951,0.15254
1368.40865,0.15115
1366.34780,0.14965
1364.28694,0.14821
1362.22609,0.14706
1360.16523,0.14559
1358.10437,0.14376
1356.04352,0.14207
1353.98266,0.14061
1351.92180,0.13919
1349.86095,0.13774
1347.80009,0.13622
1345.73923,0.13460
1343.67838,0.13307
1341.61752,0.13170
1339.55666,0.13053
1337.49581,0.12934
1335.43495,0.12791
1333.37410,0.12643
1331.31324,0.12507
1329.25238,0.12382
1327.19153,0.12264
1325.13067,0.12149
1323.06981,0.12030
1321.00896,0.11910
1318.94810,0.11792
1316.88724,0.11671
1314.82639,0.11557
1312.76553,0.11454
1310.70468,0.11354
1308.64382,0.11253
1306.58296,0.11151
1304.52211,0.11042
1302.46125,0.10931
1300.40039,0.10822
1298.33954,0.10712
1296.27868,0.10611
1294.21782,0.10516
1292.15697,0.10420
1290.09611,0.10319
1288.03525,0.10218
1285.97440,0.10125
1283.91354,0.10038
1281.85269,0.09944
1279.79183,0.09846
1277.73097,0.09756
1275.67012,0.09670
1273.60926,0.09583
1271.54840,0.09494
1269.48755,0.09402
1267.42669,0.09320
1265.36583,0.09250
1263.30498,0.09185
1261.24412,0.09119
1259.18327,0.09049
1257.12241,0.08976
1255.06155,0.08898
1253.00070,0.08819
1250.93984,0.08741
1248.87898,0.08664
1246.81813,0.08593
1244.75727,0.08524
1242.69641,0.08460
1240.63556,0.08398
1238.57470,0.08320
1236.51384,0.08233
1234.45299,0.08163
1232.39213,0.08113
1230.33128,0.08067
1228.27042,0.08018
1226.20956,0.07959
1224.14871,0.07888
1222.08785,0.07818
1220.02699,0.07749
1217.96614,0.07681
1215.90528,0.07616
1213.84442,0.07559
1211.78357,0.07516
1209.72271,0.07472
1207.66185,0.07411
1205.60100,0.07343
1203.54014,0.07283
1201.47929,0.07234
1199.41843,0.07196
1197.35757,0.07159
1195.29672,0.07111
1193.23586,0.07054
1191.17500,0.07000
1189.11415,0.06955
1187.05329,0.06916
1184.99243,0.06885
1182.93158,0.06855
1180.87072,0.06822
1178.80987,0.06782
1176.74901,0.06735
1174.68815,0.06696
1172.62730,0.06670
1170.56644,0.06641
1168.50558,0.06603
1166.44473,0.06569
1164.38387,0.06545
1162.32301,0.06515
1160.26216,0.06475
1158.20130,0.06425
1156.14044,0.06366
1154.07959,0.06312
1152.01873,0.06270
1149.95788,0.06233
1147.89702,0.06194
1145.83616,0.06146
1143.77531,0.06091
1141.71445,0.06038
1139.65359,0.05992
1137.59274,0.05952
1135.53188,0.05915
1133.47102,0.05879
1131.41017,0.05837
1129.34931,0.05791
1127.28845,0.05748
1125.22760,0.05709
1123.16674,0.05666
1121.10589,0.05620
1119.04503,0.05573
1116.98417,0.05532
1114.92332,0.05502
1112.86246,0.05482
1110.80160,0.05459
1108.74075,0.05426
1106.67989,0.05378
1104.61903,0.05332
1102.55818,0.05305
1100.49732,0.05288
1098.43647,0.05268
1096.37561,0.05253
1094.31475,0.05248
1092.25390,0.05254
1090.19304,0.05265
1088.13218,0.05262
1086.07133,0.05234
1084.01047,0.05190
1081.94961,0.05141
1079.88876,0.05094
1077.82790,0.05055
1075.76704,0.05022
1073.70619,0.04984
1071.64533,0.04947
1069.58448,0.04925
1067.52362,0.04905
1065.46276,0.04873
1063.40191,0.04839
1061.34105,0.04820
1059.28019,0.04803
1057.21934,0.04767
1055.15848,0.04716
1053.09762,0.04666
1051.03677,0.04636
1048.97591,0.04621
1046.91506,0.04603
1044.85420,0.04592
1042.79334,0.04587
1040.73249,0.04562
1038.67163,0.04519
1036.61077,0.04487
1034.54992,0.04477
1032.48906,0.04473
1030.42820,0.04463
1028.36735,0.04452
1026.30649,0.04432
1024.24563,0.04401
1022.18478,0.04377
1020.12392,0.04361
1018.06307,0.04339
1016.00221,0.04310
1013.94135,0.04286
1011.88050,0.04268
1009.81964,0.04246
1007.75878,0.04226
1005.69793,0.04216
1003.63707,0.04209
1001.57621,0.04191
999.51536,0.04169
997.45450,0.04146
995.39364,0.04114
993.33279,0.04077
991.27193,0.04050
989.21108,0.04027
987.15022,0.04004
985.08936,0.03985
983.02851,0.03962
980.96765,0.03938
978.90679,0.03917
976.84594,0.03882
974.78508,0.03845
972.72422,0.03829
970.66337,0.03811
968.60251,0.03780
966.54166,0.03748
964.48080,0.03709
962.41994,0.03672
960.35909,0.03653
958.29823,0.03642
956.23737,0.03627
954.17652,0.03612
952.11566,0.03605
950.05480,0.03593
947.99395,0.03567
945.93309,0.03541
943.87223,0.03517
941.81138,0.03489
939.75052,0.03469
937.68967,0.03460
935.62881,0.03441
933.56795,0.03414
931.50710,0.03388
929.44624,0.03357
927.38538,0.03324
925.32453,0.03295
923.26367,0.03272
921.20281,0.03248
919.14196,0.03211
917.08110,0.03169
915.02024,0.03126
912.95939,0.03094
910.89853,0.03077
908.83768,0.03045
906.77682,0.03000
904.71596,0.02980
902.65511,0.02977
900.59425,0.02958
898.53339,0.02922
896.47254,0.02898
894.41168,0.02892
892.35082,0.02904
890.28997,0.02985
888.22911,0.03330
886.16826,0.04232
884.10740,0.05723
882.04654,0.07504
879.98569,0.09384
877.92483,0.11255
875.86397,0.12819
873.80312,0.13812
871.74226,0.14207
869.68140,0.14025
867.62055,0.13357
865.55969,0.12456
863.49883,0.11481
861.43798,0.10436
859.37712,0.09374
857.31627,0.08402
855.25541,0.07554
853.19455,0.06819
851.13370,0.06325
849.07284,0.06225
847.01198,0.06208
844.95113,0.05900
842.89027,0.05463
840.82941,0.05095
838.76856,0.04790
836.70770,0.04556
834.64685,0.04389
832.58599,0.04269
830.52513,0.04161
828.46428,0.04031
826.40342,0.03906
824.34256,0.03829
822.28171,0.03764
820.22085,0.03683
818.15999,0.03617
816.09914,0.03573
814.03828,0.03532
811.97742,0.03496
809.91657,0.03451
807.85571,0.03396
805.79486,0.03343
803.73400,0.03303
801.67314,0.03289
799.61229,0.03275
797.55143,0.03231
795.49057,0.03174
793.42972,0.03128
791.36886,0.03107
789.30800,0.03101
787.24715,0.03081
785.18629,0.03047
783.12543,0.03021
781.06458,0.02997
779.00372,0.02967
776.94287,0.02946
774.88201,0.02941
772.82115,0.02941
770.76030,0.02924
768.69944,0.02894
766.63858,0.02862
764.57773,0.02821
762.51687,0.02785
760.45601,0.02756
758.39516,0.02717
756.33430,0.02671
754.27345,0.02632
752.21259,0.02600
750.15173,0.02564
748.09088,0.02522
746.03002,0.02494
743.96916,0.02485
741.90831,0.02487
739.84745,0.02498
737.78659,0.02503
735.72574,0.02490
733.66488,0.02469
731.60402,0.02440
729.54317,0.02377
727.48231,0.02303
725.42146,0.02257
723.36060,0.02241
721.29974,0.02280
719.23889,0.02503
717.17803,0.03333
715.11717,0.05367
713.05632,0.07917
710.99546,0.08738
708.93460,0.07398
706.87375,0.05700
704.81289,0.04595
702.75204,0.03962
700.69118,0.03591
698.63032,0.03363
696.56947,0.03209
694.50861,0.03097
692.44775,0.03004
690.38690,0.02901
688.32604,0.02795
686.26518,0.02729
684.20433,0.02699
682.14347,0.02677
680.08261,0.02651
678.02176,0.02600
675.96090,0.02556
673.90005,0.02555
671.83919,0.02553
669.77833,0.02489
667.71748,0.02402
665.65662,0.02398
663.59576,0.02407
661.53491,0.02395
659.47405,0.02404
657.41319,0.02424
655.35234,0.02437
653.29148,0.02445
651.23062,0.02432
649.16977,0.02399
647.10891,0.02352
645.04806,0.02321
642.98720,0.02315
640.92634,0.02289
638.86549,0.02247
636.80463,0.02219
634.74377,0.02194
632.68292,0.02183
630.62206,0.02186
628.56120,0.02167
626.50035,0.02168
624.43949,0.02210
622.37864,0.02216
620.31778,0.02161
618.25692,0.02121
616.19607,0.02138
614.13521,0.02148
612.07435,0.02144
610.01350,0.02156
607.95264,0.02175
605.89178,0.02196
603.83093,0.02214
601.77007,0.02200
599.70921,0.02148
597.64836,0.02108
595.58750,0.02117
593.52665,0.02149
591.46579,0.02163
589.40493,0.02188
587.34408,0.02216
585.28322,0.02199
583.22236,0.02161
581.16151,0.02104
579.10065,0.02026
577.03979,0.01984
574.97894,0.01992
572.91808,0.02011
570.85722,0.02044
568.79637,0.02097
566.73551,0.02115
564.67466,0.02089
562.61380,0.02033
560.55294,0.01964
558.49209,0.01904
556.43123,0.01878
554.37037,0.01943
552.30952,0.02049
550.24866,0.02079
548.18780,0.02048
546.12695,0.02028
544.06609,0.02017
542.00524,0.01995
539.94438,0.01958
537.88352,0.01946
535.82267,0.01975
533.76181,0.01973
531.70095,0.01954
529.64010,0.01965
527.57924,0.01979
525.51838,0.02003
523.45753,0.02020
521.39667,0.02016
519.33581,0.02035
517.27496,0.02113
515.21410,0.02219
513.15325,0.02266
511.09239,0.02229
509.03153,0.02161
506.97068,0.02138
504.90982,0.02151
502.84896,0.02147
500.78811,0.02144
498.72725,0.02173
496.66639,0.02214
494.60554,0.02269
492.54468,0.02301
490.48383,0.02226
488.42297,0.02162
486.36211,0.02270
484.30126,0.02419
482.24040,0.02412
480.17954,0.02320
478.11869,0.02262
476.05783,0.02254
473.99697,0.02301
471.93612,0.02343
469.87526,0.02319
467.81440,0.02296
465.75355,0.02355
463.69269,0.02442
461.63184,0.02447
459.57098,0.02382
457.51012,0.02356
455.44927,0.02395
453.38841,0.02405
451.32755,0.02383
449.26670,0.02379
447.20584,0.02364
445.14498,0.02310
443.08413,0.02268
441.02327,0.02289
438.96241,0.02337
436.90156,0.02353
434.84070,0.02322
432.77985,0.02305
430.71899,0.02415
428.65813,0.02585
426.59728,0.02658
424.53642,0.02640
422.47556,0.02637
420.41471,0.02771
418.35385,0.02921
416.29299,0.02857
414.23214,0.02790
412.17128,0.02912
410.11043,0.03154
408.04957,0.03319
405.98871,0.03363
403.92786,0.03396
401.86700,0.03501
399.80614,0.03662
