3996.00057,0.00627
3993.93972,0.00625
3991.87886,0.00618
3989.81801,0.00611
3987.75715,0.00615
3985.69629,0.00621
3983.63544,0.00609
3981.57458,0.00592
3979.51372,0.00599
3977.45287,0.00625
3975.39201,0.00641
3973.33115,0.00634
3971.27030,0.00617
3969.20944,0.00605
3967.14858,0.00610
3965.08773,0.00616
3963.02687,0.00594
3960.96602,0.00566
3958.90516,0.00568
3956.84430,0.00587
3954.78345,0.00598
3952.72259,0.00606
3950.66173,0.00619
3948.60088,0.00626
3946.54002,0.00617
3944.47916,0.00607
3942.41831,0.00608
3940.35745,0.00612
3938.29659,0.00607
3936.23574,0.00609
3934.17488,0.00623
3932.11403,0.00638
3930.05317,0.00641
3927.99231,0.00626
3925.93146,0.00622
3923.87060,0.00647
3921.80974,0.00667
3919.74889,0.00659
3917.68803,0.00633
3915.62717,0.00609
3913.56632,0.00600
3911.50546,0.00605
3909.44461,0.00616
3907.38375,0.00615
3905.32289,0.00614
3903.26204,0.00633
3901.20118,0.00641
3899.14032,0.00619
3897.07947,0.00610
3895.01861,0.00620
3892.95775,0.00632
3890.89690,0.00629
3888.83604,0.00619
3886.77518,0.00618
3884.71433,0.00615
3882.65347,0.00599
3880.59262,0.00590
3878.53176,0.00587
3876.47090,0.00587
3874.41005,0.00616
3872.34919,0.00660
3870.28833,0.00673
3868.22748,0.00643
3866.16662,0.00617
3864.10576,0.00614
3862.04491,0.00609
3859.98405,0.00601
3857.92320,0.00600
3855.86234,0.00597
3853.80148,0.00605
3851.74063,0.00624
3849.67977,0.00630
3847.61891,0.00626
3845.55806,0.00617
3843.49720,0.00621
3841.43634,0.00643
3839.37549,0.00648
3837.31463,0.00623
3835.25377,0.00608
3833.19292,0.00612
3831.13206,0.00599
3829.07121,0.00573
3827.01035,0.00565
3824.94949,0.00575
3822.88864,0.00589
3820.82778,0.00621
3818.76692,0.00642
3816.70607,0.00644
3814.64521,0.00638
3812.58435,0.00609
3810.52350,0.00582
3808.46264,0.00582
3806.40178,0.00587
3804.34093,0.00588
3802.28007,0.00611
3800.21922,0.00634
3798.15836,0.00624
3796.09750,0.00606
3794.03665,0.00596
3791.97579,0.00587
3789.91493,0.00586
3787.85408,0.00603
3785.79322,0.00625
3783.73236,0.00624
3781.67151,0.00610
3779.61065,0.00617
3777.54980,0.00630
3775.48894,0.00616
3773.42808,0.00590
3771.36723,0.00583
3769.30637,0.00591
3767.24551,0.00594
3765.18466,0.00596
3763.12380,0.00607
3761.06294,0.00623
3759.00209,0.00642
3756.94123,0.00649
3754.88037,0.00652
3752.81952,0.00668
3750.75866,0.00694
3748.69781,0.00688
3746.63695,0.00645
3744.57609,0.00617
3742.51524,0.00626
3740.45438,0.00625
3738.39352,0.00616
3736.33267,0.00623
3734.27181,0.00638
3732.21095,0.00635
3730.15010,0.00627
3728.08924,0.00626
3726.02839,0.00619
3723.96753,0.00600
3721.90667,0.00586
3719.84582,0.00586
3717.78496,0.00578
3715.72410,0.00568
3713.66325,0.00576
3711.60239,0.00585
3709.54153,0.00595
3707.48068,0.00619
3705.41982,0.00631
3703.35896,0.00634
3701.29811,0.00636
3699.23725,0.00626
3697.17640,0.00617
3695.11554,0.00606
3693.05468,0.00589
3690.99383,0.00601
3688.93297,0.00640
3686.87211,0.00645
3684.81126,0.00626
3682.75040,0.00620
3680.68954,0.00632
3678.62869,0.00663
3676.56783,0.00701
3674.50697,0.00694
3672.44612,0.00647
3670.38526,0.00622
3668.32441,0.00624
3666.26355,0.00625
3664.20269,0.00624
3662.14184,0.00626
3660.08098,0.00620
3658.02012,0.00619
3655.95927,0.00617
3653.89841,0.00611
3651.83755,0.00631
3649.77670,0.00673
3647.71584,0.00667
3645.65499,0.00629
3643.59413,0.00605
3641.53327,0.00600
3639.47242,0.00611
3637.41156,0.00620
3635.35070,0.00627
3633.28985,0.00638
3631.22899,0.00651
3629.16813,0.00666
3627.10728,0.00663
3625.04642,0.00645
3622.98556,0.00628
3620.92471,0.00626
3618.86385,0.00633
3616.80300,0.00630
3614.74214,0.00637
3612.68128,0.00648
3610.62043,0.00655
3608.55957,0.00673
3606.49871,0.00683
3604.43786,0.00664
3602.37700,0.00629
3600.31614,0.00597
3598.25529,0.00587
3596.19443,0.00589
3594.13357,0.00599
3592.07272,0.00622
3590.01186,0.00644
3587.95101,0.00651
3585.89015,0.00635
3583.82929,0.00618
3581.76844,0.00626
3579.70758,0.00657
3577.64672,0.00681
3575.58587,0.00670
3573.52501,0.00648
3571.46415,0.00640
3569.40330,0.00646
3567.34244,0.00669
3565.28159,0.00693
3563.22073,0.00696
3561.15987,0.00686
3559.09902,0.00665
3557.03816,0.00662
3554.97730,0.00684
3552.91645,0.00705
3550.85559,0.00723
3548.79473,0.00721
3546.73388,0.00698
3544.67302,0.00686
3542.61216,0.00689
3540.55131,0.00686
3538.49045,0.00679
3536.42960,0.00670
3534.36874,0.00670
3532.30788,0.00690
3530.24703,0.00715
3528.18617,0.00724
3526.12531,0.00721
3524.06446,0.00704
3522.00360,0.00683
3519.94274,0.00672
3517.88189,0.00674
3515.82103,0.00687
3513.76018,0.00699
3511.69932,0.00698
3509.63846,0.00698
3507.57761,0.00718
3505.51675,0.00736
3503.45589,0.00743
3501.39504,0.00756
3499.33418,0.00762
3497.27332,0.00738
3495.21247,0.00701
3493.15161,0.00691
3491.09075,0.00691
3489.02990,0.00683
3486.96904,0.00696
3484.90819,0.00718
3482.84733,0.00718
3480.78647,0.00710
3478.72562,0.00707
3476.66476,0.00705
3474.60390,0.00703
3472.54305,0.00706
3470.48219,0.00717
3468.42133,0.00724
3466.36048,0.00723
3464.29962,0.00726
3462.23876,0.00732
3460.17791,0.00729
3458.11705,0.00715
3456.05620,0.00707
3453.99534,0.00710
3451.93448,0.00718
3449.87363,0.00722
3447.81277,0.00719
3445.75191,0.00722
3443.69106,0.00740
3441.63020,0.00750
3439.56934,0.00745
3437.50849,0.00731
3435.44763,0.00725
3433.38678,0.00735
3431.32592,0.00746
3429.26506,0.00753
3427.20421,0.00762
3425.14335,0.00767
3423.08249,0.00762
3421.02164,0.00752
3418.96078,0.00732
3416.89992,0.00715
3414.83907,0.00719
3412.77821,0.00725
3410.71735,0.00728
3408.65650,0.00738
3406.59564,0.00755
3404.53479,0.00770
3402.47393,0.00769
3400.41307,0.00750
3398.35222,0.00739
3396.29136,0.00738
3394.23050,0.00736
3392.16965,0.00741
3390.10879,0.00759
3388.04793,0.00774
3385.98708,0.00774
3383.92622,0.00773
3381.86536,0.00784
3379.80451,0.00796
3377.74365,0.00801
3375.68280,0.00795
3373.62194,0.00786
3371.56108,0.00776
3369.50023,0.00768
3367.43937,0.00758
3365.37851,0.00747
3363.31766,0.00762
3361.25680,0.00790
3359.19594,0.00796
3357.13509,0.00793
3355.07423,0.00796
3353.01338,0.00799
3350.95252,0.00795
3348.89166,0.00781
3346.83081,0.00772
3344.76995,0.00771
3342.70909,0.00755
3340.64824,0.00738
3338.58738,0.00740
3336.52652,0.00760
3334.46567,0.00785
3332.40481,0.00793
3330.34395,0.00781
3328.28310,0.00773
3326.22224,0.00771
3324.16139,0.00755
3322.10053,0.00739
3320.03967,0.00746
3317.97882,0.00760
3315.91796,0.00766
3313.85710,0.00766
3311.79625,0.00765
3309.73539,0.00757
3307.67453,0.00748
3305.61368,0.00755
3303.55282,0.00772
3301.49197,0.00771
3299.43111,0.00752
3297.37025,0.00745
3295.30940,0.00752
3293.24854,0.00750
3291.18768,0.00747
3289.12683,0.00748
3287.06597,0.00749
3285.00511,0.00754
3282.94426,0.00759
3280.88340,0.00755
3278.82254,0.00745
3276.76169,0.00729
3274.70083,0.00713
3272.63998,0.00701
3270.57912,0.00702
3268.51826,0.00712
3266.45741,0.00728
3264.39655,0.00749
3262.33569,0.00763
3260.27484,0.00772
3258.21398,0.00778
3256.15312,0.00773
3254.09227,0.00762
3252.03141,0.00755
3249.97055,0.00755
3247.90970,0.00753
3245.84884,0.00749
3243.78799,0.00744
3241.72713,0.00732
3239.66627,0.00719
3237.60542,0.00725
3235.54456,0.00736
3233.48370,0.00724
3231.42285,0.00707
3229.36199,0.00707
3227.30113,0.00714
3225.24028,0.00716
3223.17942,0.00723
3221.11857,0.00733
3219.05771,0.00733
3216.99685,0.00724
3214.93600,0.00714
3212.87514,0.00710
3210.81428,0.00711
3208.75343,0.00706
3206.69257,0.00698
3204.63171,0.00692
3202.57086,0.00696
3200.51000,0.00714
3198.44914,0.00729
3196.38829,0.00727
3194.32743,0.00719
3192.26658,0.00719
3190.20572,0.00728
3188.14486,0.00738
3186.08401,0.00740
3184.02315,0.00730
3181.96229,0.00713
3179.90144,0.00695
3177.84058,0.00683
3175.77972,0.00683
3173.71887,0.00684
3171.65801,0.00692
3169.59715,0.00710
3167.53630,0.00720
3165.47544,0.00724
3163.41459,0.00725
3161.35373,0.00712
3159.29287,0.00698
3157.23202,0.00699
3155.17116,0.00711
3153.11030,0.00709
3151.04945,0.00697
3148.98859,0.00696
3146.92773,0.00701
3144.86688,0.00704
3142.80602,0.00704
3140.74517,0.00701
3138.68431,0.00693
3136.62345,0.00681
3134.56260,0.00663
3132.50174,0.00654
3130.44088,0.00660
3128.38003,0.00673
3126.31917,0.00687
3124.25831,0.00698
3122.19746,0.00701
3120.13660,0.00691
3118.07574,0.00682
3116.01489,0.00687
3113.95403,0.00694
3111.89318,0.00685
3109.83232,0.00668
3107.77146,0.00656
3105.71061,0.00653
3103.64975,0.00646
3101.58889,0.00637
3099.52804,0.00643
3097.46718,0.00657
3095.40632,0.00666
3093.34547,0.00671
3091.28461,0.00675
3089.22376,0.00684
3087.16290,0.00686
3085.10204,0.00676
3083.04119,0.00659
3080.98033,0.00649
3078.91947,0.00649
3076.85862,0.00649
3074.79776,0.00653
3072.73690,0.00666
3070.67605,0.00672
3068.61519,0.00658
3066.55433,0.00655
3064.49348,0.00663
3062.43262,0.00651
3060.37177,0.00637
3058.31091,0.00639
3056.25005,0.00640
3054.18920,0.00636
3052.12834,0.00634
3050.06748,0.00639
3048.00663,0.00645
3045.94577,0.00648
3043.88491,0.00653
3041.82406,0.00664
3039.76320,0.00668
3037.70234,0.00657
3035.64149,0.00652
3033.58063,0.00653
3031.51978,0.00641
3029.45892,0.00625
3027.39806,0.00624
3025.33721,0.00634
3023.27635,0.00630
3021.21549,0.00612
3019.15464,0.00613
3017.09378,0.00641
3015.03292,0.00668
3012.97207,0.00675
3010.91121,0.00667
3008.85036,0.00652
3006.78950,0.00638
3004.72864,0.00636
3002.66779,0.00649
3000.60693,0.00658
2998.54607,0.00657
2996.48522,0.00666
2994.42436,0.00684
2992.36350,0.00682
2990.30265,0.00661
2988.24179,0.00651
2986.18093,0.00657
2984.12008,0.00673
2982.05922,0.00684
2979.99837,0.00675
2977.93751,0.00663
2975.87665,0.00668
2973.81580,0.00669
2971.75494,0.00641
2969.69408,0.00610
2967.63323,0.00604
2965.57237,0.00606
2963.51151,0.00593
2961.45066,0.00584
2959.38980,0.00589
2957.32894,0.00586
2955.26809,0.00585
2953.20723,0.00597
2951.14638,0.00605
2949.08552,0.00615
2947.02466,0.00630
2944.96381,0.00634
2942.90295,0.00624
2940.84209,0.00597
2938.78124,0.00567
2936.72038,0.00554
2934.65952,0.00548
2932.59867,0.00544
2930.53781,0.00551
2928.47696,0.00559
2926.41610,0.00548
2924.35524,0.00535
2922.29439,0.00541
2920.23353,0.00574
2918.17267,0.00618
2916.11182,0.00639
2914.05096,0.00635
2911.99010,0.00623
2909.92925,0.00611
2907.86839,0.00603
2905.80753,0.00595
2903.74668,0.00592
2901.68582,0.00600
2899.62497,0.00606
2897.56411,0.00601
2895.50325,0.00593
2893.44240,0.00585
2891.38154,0.00584
2889.32068,0.00590
2887.25983,0.00596
2885.19897,0.00592
2883.13811,0.00576
2881.07726,0.00565
2879.01640,0.00570
2876.95555,0.00579
2874.89469,0.00587
2872.83383,0.00592
2870.77298,0.00592
2868.71212,0.00589
2866.65126,0.00583
2864.59041,0.00581
2862.52955,0.00582
2860.46869,0.00579
2858.40784,0.00564
2856.34698,0.00540
2854.28612,0.00526
2852.22527,0.00531
2850.16441,0.00546
2848.10356,0.00561
2846.04270,0.00575
2843.98184,0.00594
2841.92099,0.00600
2839.86013,0.00589
2837.79927,0.00578
2835.73842,0.00574
2833.67756,0.00573
2831.61670,0.00580
2829.55585,0.00590
2827.49499,0.00592
2825.43413,0.00586
2823.37328,0.00580
2821.31242,0.00573
2819.25157,0.00570
2817.19071,0.00582
2815.12985,0.00598
2813.06900,0.00598
2811.00814,0.00581
2808.94728,0.00569
2806.88643,0.00558
2804.82557,0.00552
2802.76471,0.00558
2800.70386,0.00566
2798.64300,0.00566
2796.58215,0.00569
2794.52129,0.00578
2792.46043,0.00579
2790.39958,0.00572
2788.33872,0.00572
2786.27786,0.00570
2784.21701,0.00563
2782.15615,0.00560
2780.09529,0.00563
2778.03444,0.00567
2775.97358,0.00567
2773.91272,0.00567
2771.85187,0.00574
2769.79101,0.00578
2767.73016,0.00565
2765.66930,0.00545
2763.60844,0.00540
2761.54759,0.00547
2759.48673,0.00553
2757.42587,0.00560
2755.36502,0.00565
2753.30416,0.00558
2751.24330,0.00549
2749.18245,0.00553
2747.12159,0.00561
2745.06073,0.00567
2742.99988,0.00564
2740.93902,0.00553
2738.87817,0.00549
2736.81731,0.00551
2734.75645,0.00558
2732.69560,0.00563
2730.63474,0.00561
2728.57388,0.00558
2726.51303,0.00561
2724.45217,0.00561
2722.39131,0.00553
2720.33046,0.00549
2718.26960,0.00554
2716.20875,0.00560
2714.14789,0.00562
2712.08703,0.00557
2710.02618,0.00551
2707.96532,0.00550
2705.90446,0.00545
2703.84361,0.00538
2701.78275,0.00546
2699.72189,0.00560
2697.66104,0.00562
2695.60018,0.00561
2693.53932,0.00574
2691.47847,0.00585
2689.41761,0.00576
2687.35676,0.00562
2685.29590,0.00553
2683.23504,0.00549
2681.17419,0.00555
2679.11333,0.00559
2677.05247,0.00555
2674.99162,0.00551
2672.93076,0.00543
2670.86990,0.00543
2668.80905,0.00554
2666.74819,0.00559
2664.68734,0.00567
2662.62648,0.00584
2660.56562,0.00593
2658.50477,0.00600
2656.44391,0.00616
2654.38305,0.00629
2652.32220,0.00635
2650.26134,0.00637
2648.20048,0.00632
2646.13963,0.00626
2644.07877,0.00627
2642.01791,0.00635
2639.95706,0.00638
2637.89620,0.00637
2635.83535,0.00642
2633.77449,0.00644
2631.71363,0.00641
2629.65278,0.00643
2627.59192,0.00641
2625.53106,0.00638
2623.47021,0.00638
2621.40935,0.00632
2619.34849,0.00625
2617.28764,0.00631
2615.22678,0.00644
2613.16592,0.00638
2611.10507,0.00611
2609.04421,0.00595
2606.98336,0.00612
2604.92250,0.00646
2602.86164,0.00656
2600.80079,0.00642
2598.73993,0.00630
2596.67907,0.00619
2594.61822,0.00598
2592.55736,0.00591
2590.49650,0.00612
2588.43565,0.00638
2586.37479,0.00638
2584.31394,0.00619
2582.25308,0.00610
2580.19222,0.00618
2578.13137,0.00627
2576.07051,0.00629
2574.00965,0.00629
2571.94880,0.00638
2569.88794,0.00659
2567.82708,0.00679
2565.76623,0.00674
2563.70537,0.00635
2561.64451,0.00608
2559.58366,0.00623
2557.52280,0.00648
2555.46195,0.00655
2553.40109,0.00664
2551.34023,0.00686
2549.27938,0.00701
2547.21852,0.00706
2545.15766,0.00724
2543.09681,0.00744
2541.03595,0.00729
2538.97509,0.00696
2536.91424,0.00697
2534.85338,0.00733
2532.79252,0.00775
2530.73167,0.00807
2528.67081,0.00811
2526.60996,0.00795
2524.54910,0.00788
2522.48824,0.00795
2520.42739,0.00811
2518.36653,0.00811
2516.30567,0.00782
2514.24482,0.00751
2512.18396,0.00743
2510.12310,0.00740
2508.06225,0.00722
2506.00139,0.00705
2503.94054,0.00700
2501.87968,0.00709
2499.81882,0.00728
2497.75797,0.00743
2495.69711,0.00732
2493.63625,0.00716
2491.57540,0.00710
2489.51454,0.00688
2487.45368,0.00662
2485.39283,0.00658
2483.33197,0.00652
2481.27111,0.00638
2479.21026,0.00634
2477.14940,0.00629
2475.08855,0.00609
2473.02769,0.00594
2470.96683,0.00592
2468.90598,0.00585
2466.84512,0.00567
2464.78426,0.00547
2462.72341,0.00536
2460.66255,0.00542
2458.60169,0.00561
2456.54084,0.00576
2454.47998,0.00572
2452.41913,0.00553
2450.35827,0.00542
2448.29741,0.00537
2446.23656,0.00520
2444.17570,0.00508
2442.11484,0.00517
2440.05399,0.00523
2437.99313,0.00516
2435.93227,0.00513
2433.87142,0.00518
2431.81056,0.00502
2429.74970,0.00475
2427.68885,0.00464
2425.62799,0.00457
2423.56714,0.00454
2421.50628,0.00469
2419.44542,0.00481
2417.38457,0.00484
2415.32371,0.00482
2413.26285,0.00481
2411.20200,0.00496
2409.14114,0.00497
2407.08028,0.00474
2405.01943,0.00466
2402.95857,0.00476
2400.89771,0.00497
2398.83686,0.00528
2396.77600,0.00530
2394.71515,0.00500
2392.65429,0.00490
2390.59343,0.00510
2388.53258,0.00522
2386.47172,0.00517
2384.41086,0.00519
2382.35001,0.00519
2380.28915,0.00494
2378.22829,0.00467
2376.16744,0.00460
2374.10658,0.00457
2372.04573,0.00454
2369.98487,0.00463
2367.92401,0.00463
2365.86316,0.00437
2363.80230,0.00427
2361.74144,0.00469
2359.68059,0.00505
2357.61973,0.00489
2355.55887,0.00476
2353.49802,0.00490
2351.43716,0.00517
2349.37630,0.00539
2347.31545,0.00534
2345.25459,0.00506
2343.19374,0.00491
2341.13288,0.00489
2339.07202,0.00487
2337.01117,0.00508
2334.95031,0.00529
2332.88945,0.00510
2330.82860,0.00478
2328.76774,0.00496
2326.70688,0.00579
2324.64603,0.00667
2322.58517,0.00681
2320.52431,0.00626
2318.46346,0.00573
2316.40260,0.00546
2314.34175,0.00531
2312.28089,0.00539
2310.22003,0.00571
2308.15918,0.00596
2306.09832,0.00600
2304.03746,0.00578
2301.97661,0.00557
2299.91575,0.00558
2297.85489,0.00563
2295.79404,0.00579
2293.73318,0.00603
2291.67233,0.00622
2289.61147,0.00639
2287.55061,0.00638
2285.48976,0.00612
2283.42890,0.00574
2281.36804,0.00558
2279.30719,0.00562
2277.24633,0.00551
2275.18547,0.00525
2273.12462,0.00500
2271.06376,0.00479
2269.00290,0.00475
2266.94205,0.00502
2264.88119,0.00534
2262.82034,0.00534
2260.75948,0.00543
2258.69862,0.00575
2256.63777,0.00579
2254.57691,0.00551
2252.51605,0.00523
2250.45520,0.00504
2248.39434,0.00496
2246.33348,0.00480
2244.27263,0.00453
2242.21177,0.00459
2240.15092,0.00466
2238.09006,0.00438
2236.02920,0.00428
2233.96835,0.00419
2231.90749,0.00395
2229.84663,0.00432
2227.78578,0.00505
2225.72492,0.00507
2223.66406,0.00423
2221.60321,0.00347
2219.54235,0.00367
2217.48149,0.00454
2215.42064,0.00508
2213.35978,0.00491
2211.29893,0.00446
2209.23807,0.00407
2207.17721,0.00418
2205.11636,0.00491
2203.05550,0.00546
2200.99464,0.00546
2198.93379,0.00525
2196.87293,0.00490
2194.81207,0.00454
2192.75122,0.00446
2190.69036,0.00456
2188.62950,0.00431
2186.56865,0.00386
2184.50779,0.00410
2182.44694,0.00420
2180.38608,0.00336
2178.32522,0.00298
2176.26437,0.00374
2174.20351,0.00472
2172.14265,0.00526
2170.08180,0.00519
2168.02094,0.00449
2165.96008,0.00365
2163.89923,0.00336
2161.83837,0.00311
2159.77752,0.00180
2157.71666,0.00058
2155.65580,0.00054
2153.59495,0.00099
2151.53409,0.00161
2149.47323,0.00223
2147.41238,0.00224
2145.35152,0.00179
2143.29066,0.00197
2141.22981,0.00247
2139.16895,0.00267
2137.10809,0.00324
2135.04724,0.00386
2132.98638,0.00360
2130.92553,0.00290
2128.86467,0.00256
2126.80381,0.00297
2124.74296,0.00372
2122.68210,0.00419
2120.62124,0.00447
2118.56039,0.00475
2116.49953,0.00496
2114.43867,0.00487
2112.37782,0.00454
2110.31696,0.00423
2108.25611,0.00410
2106.19525,0.00423
2104.13439,0.00447
2102.07354,0.00469
2100.01268,0.00466
2097.95182,0.00435
2095.89097,0.00430
2093.83011,0.00444
2091.76925,0.00434
2089.70840,0.00425
2087.64754,0.00430
2085.58668,0.00425
2083.52583,0.00424
2081.46497,0.00441
2079.40412,0.00462
2077.34326,0.00466
2075.28240,0.00449
2073.22155,0.00446
2071.16069,0.00447
2069.09983,0.00436
2067.03898,0.00442
2064.97812,0.00447
2062.91726,0.00427
2060.85641,0.00410
2058.79555,0.00422
2056.73469,0.00429
2054.67384,0.00424
2052.61298,0.00486
2050.55213,0.00577
2048.49127,0.00551
2046.43041,0.00439
2044.36956,0.00295
2042.30870,0.00162
2040.24784,0.00204
2038.18699,0.00358
2036.12613,0.00412
2034.06527,0.00414
2032.00442,0.00462
2029.94356,0.00465
2027.88271,0.00426
2025.82185,0.00473
2023.76099,0.00514
2021.70014,0.00451
2019.63928,0.00399
2017.57842,0.00392
2015.51757,0.00384
2013.45671,0.00460
2011.39585,0.00636
2009.33500,0.00657
2007.27414,0.00466
2005.21328,0.00328
2003.15243,0.00352
2001.09157,0.00422
1999.03072,0.00438
1996.96986,0.00436
1994.90900,0.00421
1992.84815,0.00414
1990.78729,0.00429
1988.72643,0.00444
1986.66558,0.00490
1984.60472,0.00515
1982.54386,0.00516
1980.48301,0.00547
1978.42215,0.00484
1976.36129,0.00322
1974.30044,0.00280
1972.23958,0.00350
1970.17873,0.00378
1968.11787,0.00334
1966.05701,0.00310
1963.99616,0.00342
1961.93530,0.00334
1959.87444,0.00309
1957.81359,0.00330
1955.75273,0.00356
1953.69187,0.00366
1951.63102,0.00381
1949.57016,0.00406
1947.50931,0.00409
1945.44845,0.00362
1943.38759,0.00307
1941.32674,0.00295
1939.26588,0.00313
1937.20502,0.00339
1935.14417,0.00376
1933.08331,0.00394
1931.02245,0.00355
1928.96160,0.00317
1926.90074,0.00358
1924.83988,0.00417
1922.77903,0.00401
1920.71817,0.00361
1918.65732,0.00376
1916.59646,0.00397
1914.53560,0.00387
1912.47475,0.00371
1910.41389,0.00365
1908.35303,0.00382
1906.29218,0.00410
1904.23132,0.00436
1902.17046,0.00442
1900.10961,0.00396
1898.04875,0.00345
1895.98790,0.00369
1893.92704,0.00430
1891.86618,0.00443
1889.80533,0.00407
1887.74447,0.00380
1885.68361,0.00387
1883.62276,0.00400
1881.56190,0.00396
1879.50104,0.00383
1877.44019,0.00372
1875.37933,0.00375
1873.31847,0.00386
1871.25762,0.00381
1869.19676,0.00376
1867.13591,0.00380
1865.07505,0.00362
1863.01419,0.00346
1860.95334,0.00367
1858.89248,0.00384
1856.83162,0.00366
1854.77077,0.00351
1852.70991,0.00351
1850.64905,0.00357
1848.58820,0.00362
1846.52734,0.00371
1844.46648,0.00384
1842.40563,0.00388
1840.34477,0.00378
1838.28392,0.00364
1836.22306,0.00356
1834.16220,0.00359
1832.10135,0.00372
1830.04049,0.00377
1827.97963,0.00368
1825.91878,0.00365
1823.85792,0.00374
1821.79706,0.00386
1819.73621,0.00396
1817.67535,0.00390
1815.61450,0.00381
1813.55364,0.00390
1811.49278,0.00412
1809.43193,0.00430
1807.37107,0.00439
1805.31021,0.00450
1803.24936,0.00479
1801.18850,0.00537
1799.12764,0.00616
1797.06679,0.00695
1795.00593,0.00771
1792.94507,0.00880
1790.88422,0.01037
1788.82336,0.01167
1786.76251,0.01218
1784.70165,0.01186
1782.64079,0.01120
1780.57994,0.01048
1778.51908,0.00942
1776.45822,0.00806
1774.39737,0.00680
1772.33651,0.00587
1770.27565,0.00535
1768.21480,0.00509
1766.15394,0.00487
1764.09308,0.00467
1762.03223,0.00449
1759.97137,0.00443
1757.91052,0.00445
1755.84966,0.00445
1753.78880,0.00447
1751.72795,0.00455
1749.66709,0.00459
1747.60623,0.00439
1745.54538,0.00415
1743.48452,0.00410
1741.42366,0.00410
1739.36281,0.00397
1737.30195,0.00388
1735.24110,0.00406
1733.18024,0.00432
1731.11938,0.00427
1729.05853,0.00418
1726.99767,0.00421
1724.93681,0.00433
1722.87596,0.00440
1720.81510,0.00437
1718.75424,0.00434
1716.69339,0.00436
1714.63253,0.00427
1712.57167,0.00422
1710.51082,0.00439
1708.44996,0.00468
1706.38911,0.00496
1704.32825,0.00521
1702.26739,0.00535
1700.20654,0.00552
1698.14568,0.00569
1696.08482,0.00576
1694.02397,0.00584
1691.96311,0.00594
1689.90225,0.00600
1687.84140,0.00603
1685.78054,0.00612
1683.71969,0.00633
1681.65883,0.00649
1679.59797,0.00651
1677.53712,0.00652
1675.47626,0.00657
1673.41540,0.00664
1671.35455,0.00680
1669.29369,0.00705
1667.23283,0.00713
1665.17198,0.00718
1663.11112,0.00748
1661.05026,0.00769
1658.98941,0.00761
1656.92855,0.00753
1654.86770,0.00762
1652.80684,0.00781
1650.74598,0.00792
1648.68513,0.00801
1646.62427,0.00814
1644.56341,0.00813
1642.50256,0.00801
1640.44170,0.00788
1638.38084,0.00783
1636.31999,0.00784
1634.25913,0.00780
1632.19827,0.00780
1630.13742,0.00788
1628.07656,0.00794
1626.01571,0.00796
1623.95485,0.00805
1621.89399,0.00816
1619.83314,0.00827
1617.77228,0.00839
1615.71142,0.00854
1613.65057,0.00861
1611.58971,0.00869
1609.52885,0.00888
1607.46800,0.00910
1605.40714,0.00922
1603.34629,0.00934
1601.28543,0.00958
1599.22457,0.00982
1597.16372,0.01010
1595.10286,0.01046
1593.04200,0.01083
1590.98115,0.01120
1588.92029,0.01169
1586.85943,0.01236
1584.79858,0.01325
1582.73772,0.01448
1580.67686,0.01601
1578.61601,0.01782
1576.55515,0.02040
1574.49430,0.02325
1572.43344,0.02545
1570.37258,0.02813
1568.31173,0.03107
1566.25087,0.03298
1564.19001,0.03442
1562.12916,0.03562
1560.06830,0.03751
1558.00744,0.04154
1555.94659,0.04448
1553.88573,0.04667
1551.82487,0.04940
1549.76402,0.05273
1547.70316,0.05616
1545.64231,0.05944
1543.58145,0.06320
1541.52059,0.06780
1539.45974,0.07384
1537.39888,0.07801
1535.33802,0.08081
1533.27717,0.08492
1531.21631,0.08931
1529.15545,0.09269
1527.09460,0.09642
1525.03374,0.10049
1522.97289,0.10475
1520.91203,0.11006
1518.85117,0.11467
1516.79032,0.11895
1514.72946,0.12338
1512.66860,0.12727
1510.60775,0.13101
1508.54689,0.13556
1506.48603,0.14307
1504.42518,0.14911
1502.36432,0.15232
1500.30346,0.15612
1498.24261,0.16151
1496.18175,0.16759
1494.12090,0.17234
1492.06004,0.17644
1489.99918,0.18232
1487.93833,0.18911
1485.87747,0.19437
1483.81661,0.19880
1481.75576,0.20375
1479.69490,0.20903
1477.63404,0.21394
1475.57319,0.21881
1473.51233,0.22442
1471.45148,0.23007
1469.39062,0.23286
1467.32976,0.23341
1465.26891,0.23305
1463.20805,0.23158
1461.14719,0.22945
1459.08634,0.22832
1457.02548,0.23003
1454.96462,0.23205
1452.90377,0.23219
1450.84291,0.23188
1448.78205,0.23127
1446.72120,0.22935
1444.66034,0.22528
1442.59949,0.21930
1440.53863,0.21226
1438.47777,0.20498
1436.41692,0.19738
1434.35606,0.19046
1432.29520,0.18465
1430.23435,0.17918
1428.17349,0.17416
1426.11263,0.16977
1424.05178,0.16575
1421.99092,0.16207
1419.93006,0.15854
1417.86921,0.15485
1415.80835,0.15125
1413.74750,0.14784
1411.68664,0.14456
1409.62578,0.14130
1407.56493,0.13803
1405.50407,0.13474
1403.44321,0.13147
1401.38236,0.12846
1399.32150,0.12574
1397.26064,0.12320
1395.19979,0.12075
1393.13893,0.11842
1391.07808,0.11616
1389.01722,0.11389
1386.95636,0.11146
1384.89551,0.10885
1382.83465,0.10620
1380.77379,0.10377
1378.71294,0.10155
1376.65208,0.09945
1374.59122,0.09744
1372.53037,0.09541
1370.46951,0.09341
1368.40865,0.09151
1366.34780,0.08978
1364.28694,0.08815
1362.22609,0.08648
1360.16523,0.08467
1358.10437,0.08288
1356.04352,0.08127
1353.98266,0.07978
1351.92180,0.07821
1349.86095,0.07661
1347.80009,0.07512
1345.73923,0.07370
1343.67838,0.07231
1341.61752,0.07094
1339.55666,0.06958
1337.49581,0.06821
1335.43495,0.06689
1333.37410,0.06562
1331.31324,0.06453
1329.25238,0.06358
1327.19153,0.06258
1325.13067,0.06154
1323.06981,0.06049
1321.00896,0.05948
1318.94810,0.05859
1316.88724,0.05779
1314.82639,0.05697
1312.76553,0.05609
1310.70468,0.05521
1308.64382,0.05444
1306.58296,0.05377
1304.52211,0.05309
1302.46125,0.05234
1300.40039,0.05150
1298.33954,0.05072
1296.27868,0.05015
1294.21782,0.04971
1292.15697,0.04918
1290.09611,0.04852
1288.03525,0.04792
1285.97440,0.04748
1283.91354,0.04706
1281.85269,0.04652
1279.79183,0.04591
1277.73097,0.04535
1275.67012,0.04483
1273.60926,0.04427
1271.54840,0.04364
1269.48755,0.04303
1267.42669,0.04249
1265.36583,0.04190
1263.30498,0.04122
1261.24412,0.04063
1259.18327,0.04018
1257.12241,0.03977
1255.06155,0.03937
1253.00070,0.03899
1250.93984,0.03862
1248.87898,0.03832
1246.81813,0.03801
1244.75727,0.03761
1242.69641,0.03725
1240.63556,0.03694
1238.57470,0.03652
1236.51384,0.03601
1234.45299,0.03559
1232.39213,0.03532
1230.33128,0.03511
1228.27042,0.03482
1226.20956,0.03441
1224.14871,0.03389
1222.08785,0.03342
1220.02699,0.03310
1217.96614,0.03284
1215.90528,0.03255
1213.84442,0.03224
1211.78357,0.03197
1209.72271,0.03165
1207.66185,0.03129
1205.60100,0.03102
1203.54014,0.03082
1201.47929,0.03064
1199.41843,0.03056
1197.35757,0.03049
1195.29672,0.03037
1193.23586,0.03027
1191.17500,0.03019
1189.11415,0.02999
1187.05329,0.02977
1184.99243,0.02969
1182.93158,0.02964
1180.87072,0.02958
1178.80987,0.02956
1176.74901,0.02943
1174.68815,0.02920
1172.62730,0.02906
1170.56644,0.02894
1168.50558,0.02867
1166.44473,0.02834
1164.38387,0.02806
1162.32301,0.02778
1160.26216,0.02751
1158.20130,0.02728
1156.14044,0.02709
1154.07959,0.02695
1152.01873,0.02691
1149.95788,0.02689
1147.89702,0.02681
1145.83616,0.02667
1143.77531,0.02645
1141.71445,0.02624
1139.65359,0.02616
1137.59274,0.02611
1135.53188,0.02602
1133.47102,0.02594
1131.41017,0.02586
1129.34931,0.02573
1127.28845,0.02553
1125.22760,0.02523
1123.16674,0.02493
1121.10589,0.02472
1119.04503,0.02446
1116.98417,0.02419
1114.92332,0.02408
1112.86246,0.02407
1110.80160,0.02394
1108.74075,0.02379
1106.67989,0.02369
1104.61903,0.02355
1102.55818,0.02344
1100.49732,0.02337
1098.43647,0.02322
1096.37561,0.02299
1094.31475,0.02274
1092.25390,0.02270
1090.19304,0.02330
1088.13218,0.02586
1086.07133,0.03343
1084.01047,0.04392
1081.94961,0.04625
1079.88876,0.03846
1077.82790,0.03088
1075.76704,0.02745
1073.70619,0.02594
1071.64533,0.02508
1069.58448,0.02447
1067.52362,0.02387
1065.46276,0.02323
1063.40191,0.02273
1061.34105,0.02252
1059.28019,0.02246
1057.21934,0.02228
1055.15848,0.02199
1053.09762,0.02171
1051.03677,0.02138
1048.97591,0.02103
1046.91506,0.02080
1044.85420,0.02062
1042.79334,0.02046
1040.73249,0.02033
1038.67163,0.02012
1036.61077,0.01989
1034.54992,0.01975
1032.48906,0.01972
1030.42820,0.01981
1028.36735,0.01990
1026.30649,0.01984
1024.24563,0.01971
1022.18478,0.01962
1020.12392,0.01940
1018.06307,0.01916
1016.00221,0.01912
1013.94135,0.01912
1011.88050,0.01900
1009.81964,0.01885
1007.75878,0.01868
1005.69793,0.01856
1003.63707,0.01853
1001.57621,0.01858
999.51536,0.01864
997.45450,0.01864
995.39364,0.01853
993.33279,0.01832
991.27193,0.01811
989.21108,0.01806
987.15022,0.01814
985.08936,0.01820
983.02851,0.01813
980.96765,0.01796
978.90679,0.01782
976.84594,0.01768
974.78508,0.01757
972.72422,0.01759
970.66337,0.01764
968.60251,0.01760
966.54166,0.01752
964.48080,0.01744
962.41994,0.01733
960.35909,0.01726
958.29823,0.01724
956.23737,0.01713
954.17652,0.01692
952.11566,0.01690
950.05480,0.01700
947.99395,0.01700
945.93309,0.01708
943.87223,0.01714
941.81138,0.01693
939.75052,0.01674
937.68967,0.01671
935.62881,0.01663
933.56795,0.01653
931.50710,0.01651
929.44624,0.01649
927.38538,0.01648
925.32453,0.01641
923.26367,0.01631
921.20281,0.01631
919.14196,0.01631
917.08110,0.01619
915.02024,0.01603
912.95939,0.01607
910.89853,0.01634
908.83768,0.01645
906.77682,0.01616
904.71596,0.01595
902.65511,0.01607
900.59425,0.01607
898.53339,0.01583
896.47254,0.01569
894.41168,0.01576
892.35082,0.01591
890.28997,0.01598
888.22911,0.01591
886.16826,0.01615
884.10740,0.01698
882.04654,0.01812
879.98569,0.01945
877.92483,0.02142
875.86397,0.02522
873.80312,0.03285
871.74226,0.04657
869.68140,0.06733
867.62055,0.09330
865.55969,0.12078
863.49883,0.14583
861.43798,0.16545
859.37712,0.17825
857.31627,0.18367
855.25541,0.18039
853.19455,0.16639
851.13370,0.14351
849.07284,0.11919
847.01198,0.10163
844.95113,0.09385
842.89027,0.08873
840.82941,0.07920
838.76856,0.06840
836.70770,0.05985
834.64685,0.05321
832.58599,0.04815
830.52513,0.04417
828.46428,0.04068
826.40342,0.03760
824.34256,0.03507
822.28171,0.03307
820.22085,0.03145
818.15999,0.03017
816.09914,0.02916
814.03828,0.02827
811.97742,0.02730
809.91657,0.02629
807.85571,0.02559
805.79486,0.02501
803.73400,0.02455
801.67314,0.02446
799.61229,0.02420
797.55143,0.02346
795.49057,0.02276
793.42972,0.02239
791.36886,0.02222
789.30800,0.02207
787.24715,0.02180
785.18629,0.02155
783.12543,0.02154
781.06458,0.02155
779.00372,0.02139
776.94287,0.02120
774.88201,0.02102
772.82115,0.02079
770.76030,0.02067
768.69944,0.02066
766.63858,0.02063
764.57773,0.02070
762.51687,0.02073
760.45601,0.02050
758.39516,0.02012
756.33430,0.01972
754.27345,0.01938
752.21259,0.01935
750.15173,0.01961
748.09088,0.01969
746.03002,0.01961
743.96916,0.01952
741.90831,0.01952
739.84745,0.01977
737.78659,0.02007
735.72574,0.02013
733.66488,0.02003
731.60402,0.01991
729.54317,0.01977
727.48231,0.01976
725.42146,0.01986
723.36060,0.01997
721.29974,0.02096
719.23889,0.02463
717.17803,0.03497
715.11717,0.05588
713.05632,0.07327
710.99546,0.06589
708.93460,0.04572
706.87375,0.03389
704.81289,0.03245
702.75204,0.03962
700.69118,0.04926
698.63032,0.04816
696.56947,0.03767
694.50861,0.02977
692.44775,0.02668
690.38690,0.02538
688.32604,0.02445
686.26518,0.02377
684.20433,0.02358
682.14347,0.02347
680.08261,0.02289
678.02176,0.02205
675.96090,0.02164
673.90005,0.02177
671.83919,0.02206
669.77833,0.02181
667.71748,0.02105
665.65662,0.02077
663.59576,0.02062
661.53491,0.02019
659.47405,0.02008
657.41319,0.02050
655.35234,0.02111
653.29148,0.02147
651.23062,0.02142
649.16977,0.02128
647.10891,0.02115
645.04806,0.02115
642.98720,0.02113
640.92634,0.02078
638.86549,0.02048
636.80463,0.02046
634.74377,0.02037
632.68292,0.02020
630.62206,0.02014
628.56120,0.02020
626.50035,0.02071
624.43949,0.02136
622.37864,0.02143
620.31778,0.02094
618.25692,0.02068
616.19607,0.02097
614.13521,0.02124
612.07435,0.02108
610.01350,0.02085
607.95264,0.02087
605.89178,0.02079
603.83093,0.02046
601.77007,0.02031
599.70921,0.02037
597.64836,0.02002
595.58750,0.01944
593.52665,0.01917
591.46579,0.01943
589.40493,0.02026
587.34408,0.02088
585.28322,0.02057
583.22236,0.02001
581.16151,0.01956
579.10065,0.01886
577.03979,0.01850
574.97894,0.01877
572.91808,0.01879
570.85722,0.01874
568.79637,0.01910
566.73551,0.01926
564.67466,0.01909
562.61380,0.01914
560.55294,0.01940
558.49209,0.01938
556.43123,0.01894
554.37037,0.01863
552.30952,0.01906
550.24866,0.01993
548.18780,0.02036
546.12695,0.02046
544.06609,0.02051
542.00524,0.02012
539.94438,0.01979
537.88352,0.01996
535.82267,0.02014
533.76181,0.02018
531.70095,0.02008
529.64010,0.01987
527.57924,0.01973
525.51838,0.01983
523.45753,0.02005
521.39667,0.02024
519.33581,0.02032
517.27496,0.02024
515.21410,0.02049
513.15325,0.02073
511.09239,0.02032
509.03153,0.01991
506.97068,0.02028
504.90982,0.02081
502.84896,0.02070
500.78811,0.02050
498.72725,0.02064
496.66639,0.02072
494.60554,0.02061
492.54468,0.02017
490.48383,0.01928
488.42297,0.01862
486.36211,0.01889
484.30126,0.01962
482.24040,0.01992
480.17954,0.01996
478.11869,0.02025
476.05783,0.02073
473.99697,0.02114
471.93612,0.02145
469.87526,0.02159
467.81440,0.02184
465.75355,0.02236
463.69269,0.02266
461.63184,0.02248
459.57098,0.02230
457.51012,0.02222
455.44927,0.02209
453.38841,0.02200
451.32755,0.02207
449.26670,0.02208
447.20584,0.02195
445.14498,0.02261
443.08413,0.02354
441.02327,0.02309
438.96241,0.02192
436.90156,0.02131
434.84070,0.02090
432.77985,0.02065
430.71899,0.02231
428.65813,0.02491
426.59728,0.02562
424.53642,0.02438
422.47556,0.02333
420.41471,0.02378
418.35385,0.02476
416.29299,0.02521
414.23214,0.02513
412.17128,0.02525
410.11043,0.02635
408.04957,0.02742
405.98871,0.02755
403.92786,0.02735
401.86700,0.02753
399.80614,0.02752
